#Layer_Color=16711935
#
#Feature symbol names
#
$0 r3.937
$1 r4
$2 r10
$3 rect6.8839x35.433
$4 rect15.8858x75.9842
$5 rect75.9842x15.8858
$6 rect75.984x15.886

#
#Feature attribute names
#

#
#Layer features
#
A 0.0950787 -0.5903937 0.0950787 -0.5903937 0.0753937 -0.5903937 0 P 0 N
A -0.2539371 -0.1151575 -0.2539371 -0.1151575 -0.2736221 -0.1151575 0 P 0 N
A 0.3513464 1.0699764 0.3513464 1.0699764 0.3316614 1.0699764 0 P 0 N
A -0.3606536 1.0799764 -0.3606536 1.0799764 -0.3803386 1.0799764 0 P 0 N
A 0.4251968 0.2057087 0.4251968 0.2057087 0.4055118 0.2057087 0 P 0 N
A 0.4353464 1.5149764 0.4353464 1.5149764 0.4156614 1.5149764 0 P 0 N
A -0.5716536 -0.8610236 -0.5716536 -0.8610236 -0.5913386 -0.8610236 0 P 0 N
A -0.6156536 1.5349764 -0.6156536 1.5349764 -0.6353386 1.5349764 0 P 0 N
A -0.8836536 1.2079764 -0.8836536 1.2079764 -0.9033386 1.2079764 0 P 0 N
A 1.0153464 1.2079764 1.0153464 1.2079764 0.9956614 1.2079764 0 P 0 N
A -1.3056536 0.7559764 -1.3056536 0.7559764 -1.3253386 0.7559764 0 P 0 N
A 1.3963464 0.7579764 1.3963464 0.7579764 1.3766614 0.7579764 0 P 0 N
L -0.0072671 -0.8123228 -0.0072671 -0.7749213 0 P 0
L 0.0102992 0.8995513 0.0102992 0.9684489 0 P 0
L 0.0102992 0.8995513 0.0477007 0.8995513 0 P 0
L 0.0102992 0.9684489 0.0477007 0.9684489 0 P 0
L -0.0260945 -0.0935828 -0.0260945 -0.0305907 0 P 0
L 0.0344487 1.0612992 0.0344487 1.0987007 0 P 0
L -0.0344487 1.5062993 -0.0344487 1.5437008 0 P 0
L -0.0344487 1.5062993 0.0344489 1.5062993 0 P 0
L -0.0344487 1.5437008 0.0344489 1.5437008 0 P 0
L -0.0344489 1.0612992 0.0344487 1.0612992 0 P 0
L -0.0344489 1.0612992 -0.0344489 1.0987007 0 P 0
L -0.0344489 1.0987007 0.0344487 1.0987007 0 P 0
L 0.0344489 1.5062993 0.0344489 1.5437008 0 P 0
L -0.041426 0.892276 -0.041426 0.974952 0 P 0
L 0.0440157 -0.0620079 0.1259055 -0.0620079 0 P 0
L 0.0440157 -0.125 0.0440157 -0.0620079 0 P 0
L 0.0440157 -0.125 0.1259055 -0.125 0 P 0
L 0.0477007 0.8995513 0.0477007 0.9684489 0 P 0
L 0.0655513 0.7312993 0.0655513 0.7687008 0 P 0
L 0.0655513 0.7312993 0.1344489 0.7312993 0 P 0
L 0.0655513 0.7687008 0.1344489 0.7687008 0 P 0
L -0.0761647 -0.7749213 -0.0072671 -0.7749213 0 P 0
L -0.0761647 -0.8123228 -0.0072671 -0.8123228 0 P 0
L -0.0761647 -0.8123228 -0.0761647 -0.7749213 0 P 0
L -0.094574 0.892276 -0.041426 0.892276 0 P 0
L -0.094574 0.892276 -0.094574 0.974952 0 P 0
L -0.094574 0.974952 -0.041426 0.974952 0 P 0
L -0.1055511 0.7344719 -0.1055511 0.7718734 0 P 0
L -0.1079843 -0.0305907 -0.0260945 -0.0305907 0 P 0
L -0.1079843 -0.0935828 -0.0260945 -0.0935828 0 P 0
L -0.1079843 -0.0935828 -0.1079843 -0.0305907 0 P 0
L 0.1127946 -0.6277961 0.1127946 -0.3522041 0 P 0
L -0.1130079 1.2429449 -0.1130079 1.3610551 0 P 0
L 0.1180079 1.2429449 0.1180079 1.3610551 0 P 0
L 0.1180079 1.2429449 0.1939921 1.2429449 0 P 0
L 0.1180079 1.3610551 0.1939921 1.3610551 0 P 0
L 0.1259055 -0.125 0.1259055 -0.0620079 0 P 0
L 0.1344489 0.7312993 0.1344489 0.7687008 0 P 0
L -0.1346779 0.9074726 -0.1346779 0.9625906 0 P 0
L 0.1388468 1.0555513 0.1388468 1.1244489 0 P 0
L 0.1388468 1.0555513 0.1762483 1.0555513 0 P 0
L 0.1388468 1.1244489 0.1762483 1.1244489 0 P 0
L 0.1502992 0.4744095 0.1502992 0.5255906 0 P 0
L 0.1502992 0.4744095 0.2349449 0.4744095 0 P 0
L 0.1502992 0.5255906 0.2349449 0.5255906 0 P 0
L 0.1502992 0.8875513 0.1502992 0.9564489 0 P 0
L 0.1502992 0.8875513 0.1877007 0.8875513 0 P 0
L 0.1502992 0.9564489 0.1877007 0.9564489 0 P 0
L -0.1627954 -0.3522041 0.1127946 -0.3522041 0 P 0
L -0.1627954 -0.6277961 0.1127946 -0.6277961 0 P 0
L -0.1627954 -0.6277961 -0.1627954 -0.3522041 0 P 0
L -0.1662992 -0.0844489 -0.1662992 -0.0155513 0 P 0
L -0.1681099 0.5661646 -0.1681099 0.7118346 0 P 0
L -0.1744487 0.7344719 -0.1055511 0.7344719 0 P 0
L -0.1744487 0.7344719 -0.1744487 0.7718734 0 P 0
L -0.1744487 0.7718734 -0.1055511 0.7718734 0 P 0
L 0.1762483 1.0555513 0.1762483 1.1244489 0 P 0
L -0.1844979 -0.0399994 -0.1844979 0.8200006 2 P 0
L -0.1844979 -0.0399994 0.1885001 -0.0399994 2 P 0
L -0.1844979 0.8200006 0.1885001 0.8200006 2 P 0
L 0.1877007 0.8875513 0.1877007 0.9564489 0 P 0
L 0.1885001 -0.0399994 0.1885001 0.8200006 2 P 0
L -0.1889921 1.2429449 -0.1130079 1.2429449 0 P 0
L -0.1889921 1.2429449 -0.1889921 1.3610551 0 P 0
L -0.1889921 1.3610551 -0.1130079 1.3610551 0 P 0
L 0.1939921 1.2429449 0.1939921 1.3610551 0 P 0
L -0.2012993 0.2005513 -0.2012993 0.2694489 0 P 0
L -0.2037007 -0.0155513 -0.1662992 -0.0155513 0 P 0
L -0.2037007 -0.0844489 -0.1662992 -0.0844489 0 P 0
L -0.2037007 -0.0844489 -0.2037007 -0.0155513 0 P 0
L 0.2040079 1.6699449 0.2040079 1.7880551 0 P 0
L 0.2040079 1.6699449 0.2799921 1.6699449 0 P 0
L 0.2040079 1.7880551 0.2799921 1.7880551 0 P 0
L -0.2162992 1.2865511 -0.2162992 1.3554487 0 P 0
L -0.2193219 0.9074726 -0.1346779 0.9074726 0 P 0
L -0.2193219 0.9074726 -0.2193219 0.9625906 0 P 0
L -0.2193219 0.9625906 -0.1346779 0.9625906 0 P 0
L 0.2222992 1.4805513 0.2222992 1.5494489 0 P 0
L 0.2222992 1.4805513 0.2597007 1.4805513 0 P 0
L 0.2222992 1.5494489 0.2597007 1.5494489 0 P 0
L 0.2312992 -0.0905511 0.2687007 -0.0905511 0 P 0
L 0.2312992 -0.1594487 0.2312992 -0.0905511 0 P 0
L 0.2312992 -0.1594487 0.2687007 -0.1594487 0 P 0
L 0.2349449 0.4744095 0.2349449 0.5255906 0 P 0
L 0.2352993 0.8875511 0.2352993 0.9564487 0 P 0
L 0.2352993 0.8875511 0.2727008 0.8875511 0 P 0
L 0.2352993 0.9564487 0.2727008 0.9564487 0 P 0
L -0.2355513 -0.7822834 -0.2355513 -0.7448819 0 P 0
L 0.2357173 0.5955513 0.2357173 0.6644489 0 P 0
L 0.2357173 0.5955513 0.2731188 0.5955513 0 P 0
L 0.2357173 0.6644489 0.2731188 0.6644489 0 P 0
L -0.2360232 -0.8587008 -0.2360232 -0.8212993 0 P 0
L -0.237048 1.640426 -0.237048 1.693574 0 P 0
L -0.238189 -0.1505906 -0.238189 0.0265748 0 P 0
L -0.2387008 0.2005513 -0.2012993 0.2005513 0 P 0
L -0.2387008 0.2005513 -0.2387008 0.2694489 0 P 0
L -0.2387008 0.2694489 -0.2012993 0.2694489 0 P 0
L 0.2412993 0.2855511 0.2412993 0.3544487 0 P 0
L 0.2412993 0.2855511 0.2787008 0.2855511 0 P 0
L 0.2412993 0.3544487 0.2787008 0.3544487 0 P 0
L -0.2455513 -0.3087008 -0.2455513 -0.2712993 0 P 0
L -0.2524406 1.4926781 -0.2524406 1.5773221 0 P 0
L -0.2537007 1.2865511 -0.2162992 1.2865511 0 P 0
L -0.2537007 1.2865511 -0.2537007 1.3554487 0 P 0
L -0.2537007 1.3554487 -0.2162992 1.3554487 0 P 0
L 0.2597007 1.4805513 0.2597007 1.5494489 0 P 0
L -0.2602599 1.0425746 -0.2602599 1.2394246 0 P 0
L 0.2685625 -0.7612993 0.3374601 -0.7612993 0 P 0
L 0.2685625 -0.7987008 0.2685625 -0.7612993 0 P 0
L 0.2685625 -0.7987008 0.3374601 -0.7987008 0 P 0
L 0.2685627 -0.8462992 0.3374603 -0.8462992 0 P 0
L 0.2685627 -0.8837007 0.2685627 -0.8462992 0 P 0
L 0.2685627 -0.8837007 0.3374603 -0.8837007 0 P 0
L 0.2687007 -0.1594487 0.2687007 -0.0905511 0 P 0
L 0.2727008 0.8875511 0.2727008 0.9564487 0 P 0
L 0.2731188 0.5955513 0.2731188 0.6644489 0 P 0
L -0.2753229 0.2005513 -0.2753229 0.2694489 0 P 0
L 0.2765519 0.7344719 0.2765519 0.7718734 0 P 0
L 0.2765519 0.7344719 0.3454495 0.7344719 0 P 0
L 0.2765519 0.7718734 0.3454495 0.7718734 0 P 0
L 0.2787008 0.2855511 0.2787008 0.3544487 0 P 0
L 0.2799921 1.6699449 0.2799921 1.7880551 0 P 0
L 0.2942601 1.0325746 0.2942601 1.2294246 0 P 0
L 0.2942601 1.0325746 0.4517401 1.0325746 0 P 0
L 0.2942601 1.2294246 0.4517401 1.2294246 0 P 0
L 0.2966929 -0.572441 0.3774016 -0.572441 2 P 0
L 0.2966929 -0.7240157 0.2966929 -0.5724409 2 P 0
L 0.2966929 -0.7240157 0.3793701 -0.7240157 2 P 0
L -0.2989449 1.7400079 -0.2989449 1.8159921 0 P 0
L -0.3044489 -0.7448819 -0.2355513 -0.7448819 0 P 0
L -0.3044489 -0.7822834 -0.2355513 -0.7822834 0 P 0
L -0.3044489 -0.7822834 -0.3044489 -0.7448819 0 P 0
L -0.3049208 -0.8212993 -0.2360232 -0.8212993 0 P 0
L -0.3049208 -0.8587008 -0.2360232 -0.8587008 0 P 0
L -0.3049208 -0.8587008 -0.3049208 -0.8212993 0 P 0
L 0.3062992 -0.0905511 0.3437007 -0.0905511 0 P 0
L 0.3062992 -0.1594487 0.3062992 -0.0905511 0 P 0
L 0.3062992 -0.1594487 0.3437007 -0.1594487 0 P 0
L -0.3075586 1.4926781 -0.2524406 1.4926781 0 P 0
L -0.3075586 1.4926781 -0.3075586 1.5773221 0 P 0
L -0.3075586 1.5773221 -0.2524406 1.5773221 0 P 0
L -0.3127244 0.2005513 -0.2753229 0.2005513 0 P 0
L -0.3127244 0.2005513 -0.3127244 0.2694489 0 P 0
L -0.3127244 0.2694489 -0.2753229 0.2694489 0 P 0
L -0.3144489 -0.2712993 -0.2455513 -0.2712993 0 P 0
L -0.3144489 -0.3087008 -0.2455513 -0.3087008 0 P 0
L -0.3144489 -0.3087008 -0.3144489 -0.2712993 0 P 0
L 0.3188977 0.1702756 0.3188977 0.347441 0 P 0
L 0.3188977 0.1702756 0.4409449 0.1702756 0 P 0
L 0.3188977 0.347441 0.4409449 0.347441 0 P 0
L -0.319724 1.640426 -0.237048 1.640426 0 P 0
L -0.319724 1.640426 -0.319724 1.693574 0 P 0
L -0.319724 1.693574 -0.237048 1.693574 0 P 0
L 0.3374601 -0.7987008 0.3374601 -0.7612993 0 P 0
L 0.3374603 -0.8837007 0.3374603 -0.8462992 0 P 0
L 0.342276 1.774426 0.342276 1.827574 0 P 0
L 0.342276 1.774426 0.424952 1.774426 0 P 0
L 0.342276 1.827574 0.424952 1.827574 0 P 0
L 0.3437007 -0.1594487 0.3437007 -0.0905511 0 P 0
L 0.3454495 0.7344719 0.3454495 0.7718734 0 P 0
L 0.3522993 0.4655511 0.3522993 0.5344487 0 P 0
L 0.3522993 0.4655511 0.3897008 0.4655511 0 P 0
L 0.3522993 0.5344487 0.3897008 0.5344487 0 P 0
L -0.3602362 0.0265748 -0.238189 0.0265748 0 P 0
L -0.3602362 -0.1505906 -0.238189 -0.1505906 0 P 0
L -0.3602362 -0.1505906 -0.3602362 0.0265748 0 P 0
L 0.3605511 1.3662992 0.3605511 1.4037007 0 P 0
L 0.3605511 1.3662992 0.4294487 1.3662992 0 P 0
L 0.3605511 1.4037007 0.4294487 1.4037007 0 P 0
L 0.3656378 -0.0458956 1.5368976 -0.0458956 0 P 0
L 0.3656378 -0.0459096 0.3656378 0.4363879 0 P 0
L 0.3656378 0.4363879 1.5368976 0.4363879 0 P 0
L -0.3657402 -0.0358956 -0.3657402 0.4464019 0 P 0
L 0.3782601 1.4775746 0.3782601 1.6744246 0 P 0
L 0.3782601 1.4775746 0.5357401 1.4775746 0 P 0
L 0.3782601 1.6744246 0.5357401 1.6744246 0 P 0
L -0.3812992 -0.2846544 -0.3812992 -0.2157568 0 P 0
L 0.3813386 -0.7240157 0.3813386 -0.5724409 2 P 0
L 0.3862992 -0.0244487 0.3862992 0.0444489 0 P 0
L 0.3862992 -0.0244487 0.4237007 -0.0244487 0 P 0
L 0.3862992 0.0444489 0.4237007 0.0444489 0 P 0
L -0.3884094 0.2472835 -0.3884094 0.2827165 0 P 0
L 0.3897008 0.4655511 0.3897008 0.5344487 0 P 0
L -0.3925511 0.3372993 -0.3925511 0.3747008 0 P 0
L 0.4020396 -0.6925194 0.5782196 -0.6925194 1 P 0
L 0.4020396 -1.0074794 0.4020396 -0.6925194 1 P 0
L 0.4020396 -1.0074794 0.5782196 -1.0074794 1 P 0
L -0.4170551 1.7400079 -0.2989449 1.7400079 0 P 0
L -0.4170551 1.7400079 -0.4170551 1.8159921 0 P 0
L -0.4170551 1.8159921 -0.2989449 1.8159921 0 P 0
L -0.4177399 1.0425746 -0.2602599 1.0425746 0 P 0
L -0.4177399 1.0425746 -0.4177399 1.2394246 0 P 0
L -0.4177399 1.2394246 -0.2602599 1.2394246 0 P 0
L -0.4187007 -0.2157568 -0.3812992 -0.2157568 0 P 0
L -0.4187007 -0.2846544 -0.3812992 -0.2846544 0 P 0
L -0.4187007 -0.2846544 -0.4187007 -0.2157568 0 P 0
L 0.4237007 -0.0244487 0.4237007 0.0444489 0 P 0
L 0.424952 1.774426 0.424952 1.827574 0 P 0
L 0.4283859 -0.3155511 0.4657874 -0.3155511 0 P 0
L 0.4283859 -0.3844487 0.4283859 -0.3155511 0 P 0
L 0.4283859 -0.3844487 0.4657874 -0.3844487 0 P 0
L 0.4294487 1.3662992 0.4294487 1.4037007 0 P 0
L -0.43 -0.4759843 -0.43 -0.3940945 0 P 0
L -0.43 -0.6355124 -0.43 -0.5536226 0 P 0
L -0.4318899 0.5661646 -0.1681099 0.5661646 0 P 0
L -0.4318899 0.5661646 -0.4318899 0.7118346 0 P 0
L -0.4318899 0.7118346 -0.1681099 0.7118346 0 P 0
L 0.4362993 0.4655511 0.4362993 0.5344487 0 P 0
L 0.4362993 0.4655511 0.4737008 0.4655511 0 P 0
L 0.4362993 0.5344487 0.4737008 0.5344487 0 P 0
L -0.4395905 0.2472835 -0.3884094 0.2472835 0 P 0
L -0.4395905 0.2472835 -0.4395905 0.2827165 0 P 0
L -0.4395905 0.2827165 -0.3884094 0.2827165 0 P 0
L 0.4409449 0.1702756 0.4409449 0.347441 0 P 0
L -0.4412992 0.8878583 -0.4412992 0.9567559 0 P 0
L 0.4491733 -0.4512992 0.5180709 -0.4512992 0 P 0
L 0.4491733 -0.4887007 0.4491733 -0.4512992 0 P 0
L 0.4491733 -0.4887007 0.5180709 -0.4887007 0 P 0
L 0.4491733 -0.5212992 0.5180709 -0.5212992 0 P 0
L 0.4491733 -0.5587007 0.4491733 -0.5212992 0 P 0
L 0.4491733 -0.5587007 0.5180709 -0.5587007 0 P 0
L 0.4491733 -0.6012992 0.5180709 -0.6012992 0 P 0
L 0.4491733 -0.6387007 0.4491733 -0.6012992 0 P 0
L 0.4491733 -0.6387007 0.5180709 -0.6387007 0 P 0
L 0.4517401 1.0325746 0.4517401 1.2294246 0 P 0
L 0.4591732 0.7312992 0.4591732 0.7687007 0 P 0
L 0.4591732 0.7312992 0.5280708 0.7312992 0 P 0
L 0.4591732 0.7687007 0.5280708 0.7687007 0 P 0
L -0.4605511 0.0281693 -0.4605511 0.0655708 0 P 0
L -0.4605511 -0.0587007 -0.4605511 -0.0212992 0 P 0
L -0.4605511 -0.1458032 -0.4605511 -0.1084017 0 P 0
L 0.4612992 -0.0244487 0.4612992 0.0444489 0 P 0
L 0.4612992 -0.0244487 0.4987007 -0.0244487 0 P 0
L 0.4612992 0.0444489 0.4987007 0.0444489 0 P 0
L -0.4614487 0.3372993 -0.3925511 0.3372993 0 P 0
L -0.4614487 0.3372993 -0.4614487 0.3747008 0 P 0
L -0.4614487 0.3747008 -0.3925511 0.3747008 0 P 0
L 0.4657874 -0.3844487 0.4657874 -0.3155511 0 P 0
L -0.4697159 -0.2846544 -0.4697159 -0.2157568 0 P 0
L -0.4702992 0.6425511 -0.4702992 0.7114487 0 P 0
L -0.4712598 -0.8984252 -0.4712598 -0.7015748 0 P 0
L 0.4737008 0.4655511 0.4737008 0.5344487 0 P 0
L -0.4787007 0.8878583 -0.4412992 0.8878583 0 P 0
L -0.4787007 0.8878583 -0.4787007 0.9567559 0 P 0
L -0.4787007 0.9567559 -0.4412992 0.9567559 0 P 0
L 0.4806781 0.9074706 0.4806781 0.9625886 0 P 0
L 0.4806781 0.9074706 0.5653221 0.9074706 0 P 0
L 0.4806781 0.9625886 0.5653221 0.9625886 0 P 0
L -0.4929921 -0.3940945 -0.43 -0.3940945 0 P 0
L -0.4929921 -0.4759843 -0.43 -0.4759843 0 P 0
L -0.4929921 -0.4759843 -0.4929921 -0.3940945 0 P 0
L -0.4929921 -0.5536226 -0.43 -0.5536226 0 P 0
L -0.4929921 -0.6355124 -0.43 -0.6355124 0 P 0
L -0.4929921 -0.6355124 -0.4929921 -0.5536226 0 P 0
L 0.4987007 -0.0244487 0.4987007 0.0444489 0 P 0
L -0.5071174 -0.2157568 -0.4697159 -0.2157568 0 P 0
L -0.5071174 -0.2846544 -0.4697159 -0.2846544 0 P 0
L -0.5071174 -0.2846544 -0.5071174 -0.2157568 0 P 0
L -0.5077007 0.6425511 -0.4702992 0.6425511 0 P 0
L -0.5077007 0.6425511 -0.5077007 0.7114487 0 P 0
L -0.5077007 0.7114487 -0.4702992 0.7114487 0 P 0
L 0.5077168 -0.3155513 0.5451183 -0.3155513 0 P 0
L 0.5077168 -0.3844489 0.5077168 -0.3155513 0 P 0
L 0.5077168 -0.3844489 0.5451183 -0.3844489 0 P 0
L -0.5152599 1.4975746 -0.5152599 1.6944246 0 P 0
L 0.5162992 0.4655513 0.5162992 0.5344489 0 P 0
L 0.5162992 0.4655513 0.5537007 0.4655513 0 P 0
L 0.5162992 0.5344489 0.5537007 0.5344489 0 P 0
L 0.5180709 -0.4887007 0.5180709 -0.4512992 0 P 0
L 0.5180709 -0.5587007 0.5180709 -0.5212992 0 P 0
L 0.5180709 -0.6387007 0.5180709 -0.6012992 0 P 0
L 0.5280708 0.7312992 0.5280708 0.7687007 0 P 0
L -0.5294487 -0.0212992 -0.4605511 -0.0212992 0 P 0
L -0.5294487 0.0281693 -0.4605511 0.0281693 0 P 0
L -0.5294487 0.0281693 -0.5294487 0.0655708 0 P 0
L -0.5294487 -0.0587007 -0.4605511 -0.0587007 0 P 0
L -0.5294487 -0.0587007 -0.5294487 -0.0212992 0 P 0
L -0.5294487 0.0655708 -0.4605511 0.0655708 0 P 0
L -0.5294487 -0.1084017 -0.4605511 -0.1084017 0 P 0
L -0.5294487 -0.1458032 -0.4605511 -0.1458032 0 P 0
L -0.5294487 -0.1458032 -0.5294487 -0.1084017 0 P 0
L -0.534426 1.106048 -0.534426 1.188724 0 P 0
L 0.5357401 1.4775746 0.5357401 1.6744246 0 P 0
L 0.5405513 1.3662993 0.5405513 1.4037008 0 P 0
L 0.5405513 1.3662993 0.6094489 1.3662993 0 P 0
L 0.5405513 1.4037008 0.6094489 1.4037008 0 P 0
L 0.5412993 -0.0955513 0.5787008 -0.0955513 0 P 0
L 0.5412993 -0.1644489 0.5412993 -0.0955513 0 P 0
L 0.5412993 -0.1644489 0.5787008 -0.1644489 0 P 0
L 0.5451183 -0.3844489 0.5451183 -0.3155513 0 P 0
L -0.5522993 0.8875513 -0.5522993 0.9564489 0 P 0
L -0.5532992 1.3365511 -0.5532992 1.4054487 0 P 0
L 0.5537007 0.4655513 0.5537007 0.5344489 0 P 0
L 0.5653221 0.9074706 0.5653221 0.9625886 0 P 0
L 0.5782196 -1.0074794 0.5782196 -0.6925194 1 P 0
L 0.5782196 -1.0074794 0.5782196 -0.6925194 1 P 0
L 0.5787008 -0.1644489 0.5787008 -0.0955513 0 P 0
L -0.587574 1.106048 -0.534426 1.106048 0 P 0
L -0.587574 1.106048 -0.587574 1.188724 0 P 0
L -0.587574 1.188724 -0.534426 1.188724 0 P 0
L -0.5897008 0.8875513 -0.5522993 0.8875513 0 P 0
L -0.5897008 0.8875513 -0.5897008 0.9564489 0 P 0
L -0.5897008 0.9564489 -0.5522993 0.9564489 0 P 0
L -0.5907007 1.3365511 -0.5532992 1.3365511 0 P 0
L -0.5907007 1.3365511 -0.5907007 1.4054487 0 P 0
L -0.5907007 1.4054487 -0.5532992 1.4054487 0 P 0
L 0.601426 0.969048 0.601426 1.051724 0 P 0
L 0.601426 0.969048 0.654574 0.969048 0 P 0
L 0.601426 1.051724 0.654574 1.051724 0 P 0
L 0.6065513 0.3272993 0.6065513 0.3647008 0 P 0
L 0.6065513 0.3272993 0.6754489 0.3272993 0 P 0
L 0.6065513 0.3647008 0.6754489 0.3647008 0 P 0
L 0.6094489 1.3662993 0.6094489 1.4037008 0 P 0
L 0.6212993 -0.0955513 0.6587008 -0.0955513 0 P 0
L 0.6212993 -0.1644489 0.6212993 -0.0955513 0 P 0
L 0.6212993 -0.1644489 0.6587008 -0.1644489 0 P 0
L 0.6212993 -0.8955513 0.6587008 -0.8955513 0 P 0
L 0.6212993 -0.9644489 0.6212993 -0.8955513 0 P 0
L 0.6212993 -0.9644489 0.6587008 -0.9644489 0 P 0
L 0.6225275 -0.7291337 0.659929 -0.7291337 0 P 0
L 0.6225275 -0.7980313 0.6225275 -0.7291337 0 P 0
L 0.6225275 -0.7980313 0.659929 -0.7980313 0 P 0
L 0.6274095 0.2482835 0.6274095 0.2837165 0 P 0
L 0.6274095 0.2482835 0.6785906 0.2482835 0 P 0
L 0.6274095 0.2837165 0.6785906 0.2837165 0 P 0
L -0.6287402 -0.7015748 -0.4712598 -0.7015748 0 P 0
L -0.6287402 -0.8984252 -0.4712598 -0.8984252 0 P 0
L -0.6287402 -0.8984252 -0.6287402 -0.7015748 0 P 0
L -0.6432993 1.3365513 -0.6432993 1.4054489 0 P 0
L -0.6436779 1.0434406 -0.6436779 1.0985586 0 P 0
L -0.6455511 -0.6287007 -0.6455511 -0.5912992 0 P 0
L -0.6455513 -0.5487008 -0.6455513 -0.5112993 0 P 0
L 0.654574 0.969048 0.654574 1.051724 0 P 0
L 0.6587008 -0.1644489 0.6587008 -0.0955513 0 P 0
L 0.6587008 -0.9644489 0.6587008 -0.8955513 0 P 0
L 0.659929 -0.7980313 0.659929 -0.7291337 0 P 0
L -0.6727399 1.4975746 -0.5152599 1.4975746 0 P 0
L -0.6727399 1.4975746 -0.6727399 1.6944246 0 P 0
L -0.6727399 1.6944246 -0.5152599 1.6944246 0 P 0
L -0.6734094 0.2472835 -0.6734094 0.2827165 0 P 0
L 0.6754489 0.3272993 0.6754489 0.3647008 0 P 0
L -0.6765511 0.3372993 -0.6765511 0.3747008 0 P 0
L 0.6785906 0.2482835 0.6785906 0.2837165 0 P 0
L -0.6807008 1.3365513 -0.6432993 1.3365513 0 P 0
L -0.6807008 1.3365513 -0.6807008 1.4054489 0 P 0
L -0.6807008 1.4054489 -0.6432993 1.4054489 0 P 0
L -0.6872993 -0.3394487 -0.6872993 -0.2705511 0 P 0
L -0.7005513 0.8862992 -0.7005513 0.9237007 0 P 0
L 0.7012993 -0.0955513 0.7387008 -0.0955513 0 P 0
L 0.7012993 -0.1644489 0.7012993 -0.0955513 0 P 0
L 0.7012993 -0.1644489 0.7387008 -0.1644489 0 P 0
L -0.7144487 -0.5912992 -0.6455511 -0.5912992 0 P 0
L -0.7144487 -0.6287007 -0.6455511 -0.6287007 0 P 0
L -0.7144487 -0.6287007 -0.7144487 -0.5912992 0 P 0
L -0.7144489 -0.5112993 -0.6455513 -0.5112993 0 P 0
L -0.7144489 -0.5487008 -0.6455513 -0.5487008 0 P 0
L -0.7144489 -0.5487008 -0.7144489 -0.5112993 0 P 0
L -0.7154401 -0.2053226 -0.7154401 -0.1206766 0 P 0
L 0.7159596 1.5226781 0.7159596 1.6073221 0 P 0
L 0.7159596 1.5226781 0.7710776 1.5226781 0 P 0
L 0.7159596 1.6073221 0.7710776 1.6073221 0 P 0
L -0.7245905 0.2472835 -0.6734094 0.2472835 0 P 0
L -0.7245905 0.2472835 -0.7245905 0.2827165 0 P 0
L -0.7245905 0.2827165 -0.6734094 0.2827165 0 P 0
L -0.7247008 -0.2705511 -0.6872993 -0.2705511 0 P 0
L -0.7247008 -0.3394487 -0.6872993 -0.3394487 0 P 0
L -0.7247008 -0.3394487 -0.7247008 -0.2705511 0 P 0
L -0.7283219 1.0434406 -0.6436779 1.0434406 0 P 0
L -0.7283219 1.0434406 -0.7283219 1.0985586 0 P 0
L -0.7283219 1.0985586 -0.6436779 1.0985586 0 P 0
L 0.7387008 -0.1644489 0.7387008 -0.0955513 0 P 0
L -0.7454487 0.3372993 -0.6765511 0.3372993 0 P 0
L -0.7454487 0.3372993 -0.7454487 0.3747008 0 P 0
L -0.7454487 0.3747008 -0.6765511 0.3747008 0 P 0
L 0.7535513 1.2252993 0.7535513 1.2627008 0 P 0
L 0.7535513 1.2252993 0.8224489 1.2252993 0 P 0
L 0.7535513 1.2627008 0.8224489 1.2627008 0 P 0
L 0.7555511 1.3047801 0.7555511 1.3421816 0 P 0
L 0.7555511 1.3047801 0.8244487 1.3047801 0 P 0
L 0.7555511 1.3421816 0.8244487 1.3421816 0 P 0
L -0.7672993 1.5235513 -0.7672993 1.5924489 0 P 0
L -0.7694489 0.8862992 -0.7005513 0.8862992 0 P 0
L -0.7694489 0.8862992 -0.7694489 0.9237007 0 P 0
L -0.7694489 0.9237007 -0.7005513 0.9237007 0 P 0
L -0.7705601 -0.1206766 -0.7154401 -0.1206766 0 P 0
L -0.7705601 -0.2053226 -0.7154401 -0.2053226 0 P 0
L -0.7705601 -0.2053226 -0.7705601 -0.1206766 0 P 0
L 0.7710776 1.5226781 0.7710776 1.6073221 0 P 0
L -0.7832599 1.1705746 -0.7832599 1.3674246 0 P 0
L -0.8047008 1.5235513 -0.7672993 1.5235513 0 P 0
L -0.8047008 1.5235513 -0.8047008 1.5924489 0 P 0
L -0.8047008 1.5924489 -0.7672993 1.5924489 0 P 0
L 0.8112992 1.0255513 0.8112992 1.0944489 0 P 0
L 0.8112992 1.0255513 0.8487007 1.0255513 0 P 0
L 0.8112992 1.0944489 0.8487007 1.0944489 0 P 0
L 0.8224489 1.2252993 0.8224489 1.2627008 0 P 0
L 0.8244487 1.3047801 0.8244487 1.3421816 0 P 0
L 0.8487007 1.0255513 0.8487007 1.0944489 0 P 0
L -0.8560473 -0.1469134 -0.8560473 -0.0110867 0 P 0
L 0.8825513 0.3272993 0.8825513 0.3647008 0 P 0
L 0.8825513 0.3272993 0.9514489 0.3272993 0 P 0
L 0.8825513 0.3647008 0.9514489 0.3647008 0 P 0
L 0.8982993 1.0255511 0.8982993 1.0944487 0 P 0
L 0.8982993 1.0255511 0.9357008 1.0255511 0 P 0
L 0.8982993 1.0944487 0.9357008 1.0944487 0 P 0
L 0.9034095 0.2472835 0.9034095 0.2827165 0 P 0
L 0.9034095 0.2472835 0.9545906 0.2472835 0 P 0
L 0.9034095 0.2827165 0.9545906 0.2827165 0 P 0
L -0.9112992 0.8255511 -0.9112992 0.8944487 0 P 0
L -0.9112993 0.6655513 -0.9112993 0.7344489 0 P 0
L 0.9162993 1.4655511 0.9162993 1.5344487 0 P 0
L 0.9162993 1.4655511 0.9537008 1.4655511 0 P 0
L 0.9162993 1.5344487 0.9537008 1.5344487 0 P 0
L 0.9357008 1.0255511 0.9357008 1.0944487 0 P 0
L -0.9407399 1.1705746 -0.7832599 1.1705746 0 P 0
L -0.9407399 1.1705746 -0.9407399 1.3674246 0 P 0
L -0.9407399 1.3674246 -0.7832599 1.3674246 0 P 0
L 0.9429449 0.8550079 0.9429449 0.9309921 0 P 0
L 0.9429449 0.8550079 1.0610551 0.8550079 0 P 0
L 0.9429449 0.9309921 1.0610551 0.9309921 0 P 0
L -0.9487007 0.8255511 -0.9112992 0.8255511 0 P 0
L -0.9487007 0.8255511 -0.9487007 0.8944487 0 P 0
L -0.9487007 0.8944487 -0.9112992 0.8944487 0 P 0
L -0.9487008 0.6655513 -0.9112993 0.6655513 0 P 0
L -0.9487008 0.6655513 -0.9487008 0.7344489 0 P 0
L -0.9487008 0.7344489 -0.9112993 0.7344489 0 P 0
L -0.9514094 0.2472835 -0.9514094 0.2827165 0 P 0
L 0.9514489 0.3272993 0.9514489 0.3647008 0 P 0
L -0.9535511 0.3372993 -0.9535511 0.3747008 0 P 0
L 0.9537008 1.4655511 0.9537008 1.5344487 0 P 0
L 0.9545906 0.2472835 0.9545906 0.2827165 0 P 0
L 0.9582601 1.1705746 0.9582601 1.3674246 0 P 0
L 0.9582601 1.1705746 1.1157401 1.1705746 0 P 0
L 0.9582601 1.3674246 1.1157401 1.3674246 0 P 0
L -0.9642992 1.0315511 -0.9642992 1.1004487 0 P 0
L -0.989426 0.661048 -0.989426 0.743724 0 P 0
L -1.0017007 1.0315511 -0.9642992 1.0315511 0 P 0
L -1.0017007 1.0315511 -1.0017007 1.1004487 0 P 0
L -1.0017007 1.1004487 -0.9642992 1.1004487 0 P 0
L -1.0025905 0.2472835 -0.9514094 0.2472835 0 P 0
L -1.0025905 0.2472835 -1.0025905 0.2827165 0 P 0
L -1.0025905 0.2827165 -0.9514094 0.2827165 0 P 0
L -1.0224487 0.3372993 -0.9535511 0.3372993 0 P 0
L -1.0224487 0.3372993 -1.0224487 0.3747008 0 P 0
L -1.0224487 0.3747008 -0.9535511 0.3747008 0 P 0
L -1.042574 0.661048 -0.989426 0.661048 0 P 0
L -1.042574 0.661048 -1.042574 0.743724 0 P 0
L -1.042574 0.743724 -0.989426 0.743724 0 P 0
L -1.0552993 1.1735513 -1.0552993 1.2424489 0 P 0
L 1.0582993 0.7255513 1.0582993 0.7944489 0 P 0
L 1.0582993 0.7255513 1.0957008 0.7255513 0 P 0
L 1.0582993 0.7944489 1.0957008 0.7944489 0 P 0
L 1.0610551 0.8550079 1.0610551 0.9309921 0 P 0
L -1.0755511 1.0012993 -1.0755511 1.0387008 0 P 0
L -1.0786779 0.5994406 -1.0786779 0.6545586 0 P 0
L -1.0927008 1.1735513 -1.0552993 1.1735513 0 P 0
L -1.0927008 1.1735513 -1.0927008 1.2424489 0 P 0
L -1.0927008 1.2424489 -1.0552993 1.2424489 0 P 0
L 1.0957008 0.7255513 1.0957008 0.7944489 0 P 0
L -1.1119528 -0.0110867 -0.8560473 -0.0110867 0 P 0
L -1.1119528 -0.1469134 -0.8560473 -0.1469134 0 P 0
L -1.1119528 -0.1469134 -1.1119528 -0.0110867 0 P 0
L 1.1157401 1.1705746 1.1157401 1.3674246 0 P 0
L -1.1235513 0.4622992 -1.1235513 0.4997007 0 P 0
L 1.1355513 0.5462993 1.1355513 0.5837008 0 P 0
L 1.1355513 0.5462993 1.2044489 0.5462993 0 P 0
L 1.1355513 0.5837008 1.2044489 0.5837008 0 P 0
L -1.1444487 1.0012993 -1.0755511 1.0012993 0 P 0
L -1.1444487 1.0012993 -1.1444487 1.0387008 0 P 0
L -1.1444487 1.0387008 -1.0755511 1.0387008 0 P 0
L 1.1446781 1.0414406 1.1446781 1.0965586 0 P 0
L 1.1446781 1.0414406 1.2293221 1.0414406 0 P 0
L 1.1446781 1.0965586 1.2293221 1.0965586 0 P 0
L -1.1460079 1.1499449 -1.1460079 1.2680551 0 P 0
L 1.1565513 0.3272993 1.1565513 0.3647008 0 P 0
L 1.1565513 0.3272993 1.2254489 0.3272993 0 P 0
L 1.1565513 0.3647008 1.2254489 0.3647008 0 P 0
L -1.1633219 0.5994406 -1.0786779 0.5994406 0 P 0
L -1.1633219 0.5994406 -1.1633219 0.6545586 0 P 0
L -1.1633219 0.6545586 -1.0786779 0.6545586 0 P 0
L 1.1662993 0.8255511 1.1662993 0.8944487 0 P 0
L 1.1662993 0.8255511 1.2037008 0.8255511 0 P 0
L 1.1662993 0.8944487 1.2037008 0.8944487 0 P 0
L 1.1774095 0.2472835 1.1774095 0.2827165 0 P 0
L 1.1774095 0.2472835 1.2285906 0.2472835 0 P 0
L 1.1774095 0.2827165 1.2285906 0.2827165 0 P 0
L -1.1924489 0.4622992 -1.1235513 0.4622992 0 P 0
L -1.1924489 0.4622992 -1.1924489 0.4997007 0 P 0
L -1.1924489 0.4997007 -1.1235513 0.4997007 0 P 0
L 1.2037008 0.8255511 1.2037008 0.8944487 0 P 0
L 1.2044489 0.5462993 1.2044489 0.5837008 0 P 0
L -1.2052599 0.7185746 -1.2052599 0.9154246 0 P 0
L -1.2219921 1.1499449 -1.1460079 1.1499449 0 P 0
L -1.2219921 1.1499449 -1.2219921 1.2680551 0 P 0
L -1.2219921 1.2680551 -1.1460079 1.2680551 0 P 0
L -1.2244094 0.2472835 -1.2244094 0.2827165 0 P 0
L 1.2254489 0.3272993 1.2254489 0.3647008 0 P 0
L -1.2275511 0.3362993 -1.2275511 0.3737008 0 P 0
L 1.2285906 0.2472835 1.2285906 0.2827165 0 P 0
L 1.2293221 1.0414406 1.2293221 1.0965586 0 P 0
L 1.2309449 0.4300079 1.2309449 0.5059921 0 P 0
L 1.2309449 0.4300079 1.3490551 0.4300079 0 P 0
L 1.2309449 0.5059921 1.3490551 0.5059921 0 P 0
L -1.2470079 1.0219449 -1.2470079 1.1400551 0 P 0
L -1.2755905 0.2472835 -1.2244094 0.2472835 0 P 0
L -1.2755905 0.2472835 -1.2755905 0.2827165 0 P 0
L -1.2755905 0.2827165 -1.2244094 0.2827165 0 P 0
L 1.2792993 0.5845511 1.2792993 0.6534487 0 P 0
L 1.2792993 0.5845511 1.3167008 0.5845511 0 P 0
L 1.2792993 0.6534487 1.3167008 0.6534487 0 P 0
L -1.2964487 0.3362993 -1.2275511 0.3362993 0 P 0
L -1.2964487 0.3362993 -1.2964487 0.3737008 0 P 0
L -1.2964487 0.3737008 -1.2275511 0.3737008 0 P 0
L 1.297048 1.078426 1.297048 1.131574 0 P 0
L 1.297048 1.078426 1.379724 1.078426 0 P 0
L 1.297048 1.131574 1.379724 1.131574 0 P 0
L 1.3055513 0.9912993 1.3055513 1.0287008 0 P 0
L 1.3055513 0.9912993 1.3744489 0.9912993 0 P 0
L 1.3055513 1.0287008 1.3744489 1.0287008 0 P 0
L 1.3112992 0.1205513 1.3112992 0.1894489 0 P 0
L 1.3112992 0.1205513 1.3487007 0.1205513 0 P 0
L 1.3112992 0.1894489 1.3487007 0.1894489 0 P 0
L 1.3167008 0.5845511 1.3167008 0.6534487 0 P 0
L -1.3229921 1.0219449 -1.2470079 1.0219449 0 P 0
L -1.3229921 1.0219449 -1.3229921 1.1400551 0 P 0
L -1.3229921 1.1400551 -1.2470079 1.1400551 0 P 0
L 1.3392601 0.7205746 1.3392601 0.9174246 0 P 0
L 1.3392601 0.7205746 1.4967401 0.7205746 0 P 0
L 1.3392601 0.9174246 1.4967401 0.9174246 0 P 0
L 1.3487007 0.1205513 1.3487007 0.1894489 0 P 0
L 1.3490551 0.4300079 1.3490551 0.5059921 0 P 0
L -1.3627399 0.7185746 -1.2052599 0.7185746 0 P 0
L -1.3627399 0.7185746 -1.3627399 0.9154246 0 P 0
L -1.3627399 0.9154246 -1.2052599 0.9154246 0 P 0
L 1.3744489 0.9912993 1.3744489 1.0287008 0 P 0
L -1.3792992 0.5835511 -1.3792992 0.6524487 0 P 0
L 1.379724 1.078426 1.379724 1.131574 0 P 0
L -1.4167007 0.5835511 -1.3792992 0.5835511 0 P 0
L -1.4167007 0.5835511 -1.4167007 0.6524487 0 P 0
L -1.4167007 0.6524487 -1.3792992 0.6524487 0 P 0
L 1.4305511 -0.0112993 1.4994487 -0.0112993 0 P 0
L 1.4305511 -0.0487008 1.4305511 -0.0112993 0 P 0
L 1.4305511 -0.0487008 1.4994487 -0.0487008 0 P 0
L 1.4305511 -0.1062993 1.4994487 -0.1062993 0 P 0
L 1.4305511 -0.1437008 1.4305511 -0.1062993 0 P 0
L 1.4305511 -0.1437008 1.4994487 -0.1437008 0 P 0
L 1.4365513 0.3262993 1.4365513 0.3637008 0 P 0
L 1.4365513 0.3262993 1.5054489 0.3262993 0 P 0
L 1.4365513 0.3637008 1.5054489 0.3637008 0 P 0
L 1.4574095 0.2442835 1.4574095 0.2797165 0 P 0
L 1.4574095 0.2442835 1.5085906 0.2442835 0 P 0
L 1.4574095 0.2797165 1.5085906 0.2797165 0 P 0
L -1.4692993 0.5835513 -1.4692993 0.6524489 0 P 0
L -1.4692993 0.7445513 -1.4692993 0.8134489 0 P 0
L 1.4925511 0.4532992 1.4925511 0.4907007 0 P 0
L 1.4925511 0.4532992 1.5614487 0.4532992 0 P 0
L 1.4925511 0.4907007 1.5614487 0.4907007 0 P 0
L 1.4967401 0.7205746 1.4967401 0.9174246 0 P 0
L 1.4994487 -0.0487008 1.4994487 -0.0112993 0 P 0
L 1.4994487 -0.1437008 1.4994487 -0.1062993 0 P 0
L 1.5054489 0.3262993 1.5054489 0.3637008 0 P 0
L -1.5067008 0.5835513 -1.4692993 0.5835513 0 P 0
L -1.5067008 0.5835513 -1.5067008 0.6524489 0 P 0
L -1.5067008 0.6524489 -1.4692993 0.6524489 0 P 0
L -1.5067008 0.7445513 -1.4692993 0.7445513 0 P 0
L -1.5067008 0.7445513 -1.5067008 0.8134489 0 P 0
L -1.5067008 0.8134489 -1.4692993 0.8134489 0 P 0
L 1.5085906 0.2442835 1.5085906 0.2797165 0 P 0
L 1.5206781 0.6014406 1.5206781 0.6565586 0 P 0
L 1.5206781 0.6014406 1.6053221 0.6014406 0 P 0
L 1.5206781 0.6565586 1.6053221 0.6565586 0 P 0
L 1.5368976 -0.0458956 1.5368976 0.4364019 0 P 0
L -1.537 -0.0358956 -0.3657402 -0.0358956 0 P 0
L -1.537 -0.0359096 -1.537 0.4463879 0 P 0
L -1.537 0.4463879 -0.3657402 0.4463879 0 P 0
L 1.5614487 0.4532992 1.5614487 0.4907007 0 P 0
L 1.6053221 0.6014406 1.6053221 0.6565586 0 P 0
L 1.641426 0.587276 1.641426 0.669952 0 P 0
L 1.641426 0.587276 1.694574 0.587276 0 P 0
L 1.641426 0.669952 1.694574 0.669952 0 P 0
L 1.6770079 -0.0659446 1.7529919 -0.0659446 0 P 0
L 1.6770079 -0.1840546 1.6770079 -0.0659446 0 P 0
L 1.6770079 -0.1840546 1.7529919 -0.1840546 0 P 0
L 1.694574 0.587276 1.694574 0.669952 0 P 0
L 1.7529919 -0.1840546 1.7529919 -0.0659446 0 P 0
P -0.150843 1.2508877 5 P 0 0
P 0.1562398 1.2508993 5 P 0 0
P 0.2421522 1.6778945 5 P 0 0
P -0.4090856 1.7779401 4 P 0 0
P -0.4361471 0.2650003 3 P 0 0
P 0.6308527 0.2660001 3 P 0 0
P -0.7211471 0.2650003 3 P 0 0
P 0.9068527 0.2650001 3 P 0 0
P -0.9991473 0.2650001 3 P 0 0
P 1.053085 0.8931769 4 P 0 0
P 1.1808525 0.2650001 3 P 0 0
P -1.1840516 1.2600499 5 P 0 0
P -1.2721473 0.2650001 3 P 0 0
P -1.2848562 1.0299061 5 P 0 0
P 1.3410966 0.4680115 4 P 0 0
P 1.4608527 0.2620001 3 P 0 0
P 1.7149273 -0.1759654 6 P 0 0
