#Layer_Color=32896
#
#Feature symbol names
#
$0 r5

#
#Feature attribute names
#

#
#Layer features
#
A -0.0362696 0.7439032 -0.0962696 0.8039032 -0.0962696 0.7439032 0 P 0 N
A 0.0372305 0.0439029 0.0972305 -0.0160971 0.0972305 0.0439029 0 P 0 N
A -0.0962696 -0.0160971 -0.0362696 0.0439029 -0.0962696 0.0439029 0 P 0 N
A -0.0962696 0.7139459 -0.0962696 0.7738605 -0.1075196 0.7439032 0 P 0 N
A -0.0962696 0.7738605 -0.0962696 0.7139459 -0.1075196 0.7439032 0 P 0 N
A 0.0972305 0.8039032 0.0372305 0.7439032 0.0972305 0.7439032 0 P 0 N
A -0.1535196 0.8239033 -0.1835196 0.7939033 -0.1535196 0.7939033 0 P 0 N
A 0.1544805 -0.0360972 0.1844805 -0.0060972 0.1544805 -0.0060972 0 P 0 N
A 0.1579608 1.7677138 0.1579608 1.7677138 0.0004804 1.7677138 0 P 0 N
A -0.1835196 -0.0060972 -0.1535196 -0.0360972 -0.1535196 -0.0060972 0 P 0 N
A 0.1844805 0.7939033 0.1544805 0.8239033 0.1544805 0.7939033 0 P 0 N
A -0.4729836 0.180645 -0.4871591 0.2069509 -0.5044797 0.180645 0 P 0 N
A -0.5218003 0.2069509 -0.5359758 0.180645 -0.5044797 0.180645 0 P 0 N
A 0.5329997 0.1550151 0.5959919 0.1550151 0.5644958 0.2288796 0 P 0 N
A -0.5359758 0.1550151 -0.4729836 0.1550151 -0.5044797 0.2288796 0 P 0 N
A 0.5471752 0.2069509 0.5329997 0.180645 0.5644958 0.180645 0 P 0 N
A -0.573733 -1.096511 -0.573733 -1.096511 -0.6524732 -1.096511 0 P 0 N
A 0.5959919 0.180645 0.5818164 0.2069509 0.5644958 0.180645 0 P 0 N
A -0.610779 0.180645 -0.6249545 0.2069509 -0.6422751 0.180645 0 P 0 N
A -0.6327797 0.6202952 -0.6327797 0.6202952 -0.7115199 0.6202952 0 P 0 N
A -0.6595957 0.2069509 -0.6737712 0.180645 -0.6422751 0.180645 0 P 0 N
A -0.6622469 -1.4248503 -0.6622469 -1.4248503 -0.7921682 -1.4248503 0 P 0 N
A 0.670795 0.1550151 0.7337872 0.1550151 0.7022911 0.2288796 0 P 0 N
A -0.6737712 0.1550151 -0.610779 0.1550151 -0.6422751 0.2288796 0 P 0 N
A 0.6849705 0.2069509 0.670795 0.180645 0.7022911 0.180645 0 P 0 N
A 0.7337872 0.180645 0.7196117 0.2069509 0.7022911 0.180645 0 P 0 N
A -0.7485743 0.180645 -0.7627498 0.2069509 -0.7800704 0.180645 0 P 0 N
A 0.791221 0.6202952 0.791221 0.6202952 0.7124808 0.6202952 0 P 0 N
A -0.797391 0.2069509 -0.8115665 0.180645 -0.7800704 0.180645 0 P 0 N
A 0.8085904 0.1550151 0.8715826 0.1550151 0.8400865 0.2288796 0 P 0 N
A -0.8115665 0.1550151 -0.7485743 0.1550151 -0.7800704 0.2288796 0 P 0 N
A 0.8227659 0.2069509 0.8085904 0.180645 0.8400865 0.180645 0 P 0 N
A 0.8715826 0.180645 0.8574071 0.2069509 0.8400865 0.180645 0 P 0 N
A -0.8863697 0.180645 -0.9005452 0.2069509 -0.9178658 0.180645 0 P 0 N
A -0.9351864 0.2069509 -0.9493619 0.180645 -0.9178658 0.180645 0 P 0 N
A 0.9463857 0.1550151 1.0093779 0.1550151 0.9778818 0.2288796 0 P 0 N
A -0.9493619 0.1550151 -0.8863697 0.1550151 -0.9178658 0.2288796 0 P 0 N
A 0.9605612 0.2069509 0.9463857 0.180645 0.9778818 0.180645 0 P 0 N
A 1.0093779 0.180645 0.9952024 0.2069509 0.9778818 0.180645 0 P 0 N
A -1.024165 0.180645 -1.0383405 0.2069509 -1.0556611 0.180645 0 P 0 N
A -1.0729817 0.2069509 -1.0871572 0.180645 -1.0556611 0.180645 0 P 0 N
A 1.0841811 0.1550151 1.1471733 0.1550151 1.1156772 0.2288796 0 P 0 N
A -1.0871572 0.1550151 -1.024165 0.1550151 -1.0556611 0.2288796 0 P 0 N
A 1.0983566 0.2069509 1.0841811 0.180645 1.1156772 0.180645 0 P 0 N
A 1.1471733 0.180645 1.1329978 0.2069509 1.1156772 0.180645 0 P 0 N
A -1.1619604 0.180645 -1.1761359 0.2069509 -1.1934565 0.180645 0 P 0 N
A -1.2107771 0.2069509 -1.2249526 0.180645 -1.1934565 0.180645 0 P 0 N
A 1.2219764 0.1550151 1.2849686 0.1550151 1.2534725 0.2288796 0 P 0 N
A -1.2249526 0.1550151 -1.1619604 0.1550151 -1.1934565 0.2288796 0 P 0 N
A 1.2361519 0.2069509 1.2219764 0.180645 1.2534725 0.180645 0 P 0 N
A 1.2849686 0.180645 1.2707931 0.2069509 1.2534725 0.180645 0 P 0 N
A -1.2997557 0.180645 -1.3139312 0.2069509 -1.3312518 0.180645 0 P 0 N
A -1.3485724 0.2069509 -1.3627479 0.180645 -1.3312518 0.180645 0 P 0 N
A 1.3597718 0.1550151 1.422764 0.1550151 1.3912679 0.2288796 0 P 0 N
A -1.3627479 0.1550151 -1.2997557 0.1550151 -1.3312518 0.2288796 0 P 0 N
A 1.3739473 0.2069509 1.3597718 0.180645 1.3912679 0.180645 0 P 0 N
A 1.422764 0.180645 1.4085885 0.2069509 1.3912679 0.180645 0 P 0 N
A -1.4375511 0.180645 -1.4517266 0.2069509 -1.4690472 0.180645 0 P 0 N
A -1.4863678 0.2069509 -1.5005433 0.180645 -1.4690472 0.180645 0 P 0 N
A 1.4975671 0.1550151 1.5605593 0.1550151 1.5290632 0.2288796 0 P 0 N
A -1.5005433 0.1550151 -1.4375511 0.1550151 -1.4690472 0.2288796 0 P 0 N
A 1.5117426 0.2069509 1.4975671 0.180645 1.5290632 0.180645 0 P 0 N
A 1.5605593 0.180645 1.5463838 0.2069509 1.5290632 0.180645 0 P 0 N
A 1.6236687 -0.4254207 -1.6227079 -0.4254207 0.0004804 0.0002021 0 P 0 N
L -0.0105196 0.1184029 -0.0105196 0.1694029 0 P 0
L -0.0105196 0.218403 -0.0105196 0.269403 0 P 0
L -0.0105196 0.318403 -0.0105196 0.369403 0 P 0
L -0.0105196 0.4184031 -0.0105196 0.4694031 0 P 0
L -0.0105196 0.5184031 -0.0105196 0.5694032 0 P 0
L -0.0105196 0.6184032 -0.0105196 0.6694032 0 P 0
L 0.0114804 0.1184029 0.0114804 0.1694029 0 P 0
L 0.0114804 0.1184029 0.0372305 0.1184029 0 P 0
L 0.0114804 0.1694029 0.0372305 0.1694029 0 P 0
L 0.0114804 0.218403 0.0114804 0.269403 0 P 0
L 0.0114804 0.218403 0.0372305 0.218403 0 P 0
L 0.0114804 0.269403 0.0372305 0.269403 0 P 0
L 0.0114804 0.318403 0.0114804 0.369403 0 P 0
L 0.0114804 0.318403 0.0372305 0.318403 0 P 0
L 0.0114804 0.369403 0.0372305 0.369403 0 P 0
L 0.0114804 0.4184031 0.0114804 0.4694031 0 P 0
L 0.0114804 0.4184031 0.0372305 0.4184031 0 P 0
L 0.0114804 0.4694031 0.0372305 0.4694031 0 P 0
L 0.0114804 0.5184031 0.0114804 0.5694032 0 P 0
L 0.0114804 0.5184031 0.0372305 0.5184031 0 P 0
L 0.0114804 0.5694032 0.0372305 0.5694032 0 P 0
L 0.0114804 0.6184032 0.0114804 0.6694032 0 P 0
L 0.0114804 0.6184032 0.0372305 0.6184032 0 P 0
L 0.0114804 0.6694032 0.0372305 0.6694032 0 P 0
L -0.0362696 0.0439029 -0.0362696 0.7439032 0 P 0
L -0.0362696 0.0439029 0.0372305 0.0439029 0 P 0
L -0.0362696 0.1184029 -0.0105196 0.1184029 0 P 0
L -0.0362696 0.1694029 -0.0105196 0.1694029 0 P 0
L -0.0362696 0.218403 -0.0105196 0.218403 0 P 0
L -0.0362696 0.269403 -0.0105196 0.269403 0 P 0
L -0.0362696 0.318403 -0.0105196 0.318403 0 P 0
L -0.0362696 0.369403 -0.0105196 0.369403 0 P 0
L -0.0362696 0.4184031 -0.0105196 0.4184031 0 P 0
L -0.0362696 0.4694031 -0.0105196 0.4694031 0 P 0
L -0.0362696 0.5184031 -0.0105196 0.5184031 0 P 0
L -0.0362696 0.5694032 -0.0105196 0.5694032 0 P 0
L -0.0362696 0.6184032 -0.0105196 0.6184032 0 P 0
L -0.0362696 0.6694032 -0.0105196 0.6694032 0 P 0
L -0.0362696 0.7439032 0.0372305 0.7439032 0 P 0
L 0.0372305 0.0439029 0.0372305 0.7439032 0 P 0
L -0.0507007 0.8239033 -0.0507007 1.6774843 0 P 0
L -0.0507007 0.8239033 0.0516616 0.8239033 0 P 0
L -0.0507007 1.6774843 0.0516616 1.6774843 0 P 0
L 0.0516616 0.8239033 0.0516616 1.6774843 0 P 0
L -0.0755196 0.0119029 -0.0755196 0.0759029 0 P 0
L -0.0962696 0.0119029 -0.0755196 0.0119029 0 P 0
L -0.0962696 -0.0160972 -0.0962696 0.0119029 0 P 0
L -0.0962696 -0.0160972 0.0972305 -0.0160972 0 P 0
L -0.0962696 0.0759029 -0.0755196 0.0759029 0 P 0
L -0.0962696 0.0759029 -0.0962696 0.713946 0 P 0
L -0.0962696 0.7738605 -0.0962696 0.8039033 0 P 0
L -0.0962696 0.8039033 0.0972305 0.8039033 0 P 0
L 0.0972305 -0.0160972 0.0972305 0.8039033 0 P 0
L -0.1395196 0.0119029 -0.0962696 0.0119029 0 P 0
L -0.1395196 0.0119029 -0.1395196 0.0759029 0 P 0
L -0.1395196 0.0759029 -0.0962696 0.0759029 0 P 0
L -0.1535196 -0.0360972 0.1544805 -0.0360972 0 P 0
L -0.1535196 0.8239033 0.1544805 0.8239033 0 P 0
L -0.1835197 -0.0060972 -0.1835197 0.7939033 0 P 0
L 0.1844805 -0.0060972 0.1844805 0.7939033 0 P 0
L 0.1844805 0.0739029 0.1894805 0.0739029 0 P 0
L 0.1844805 0.1188019 0.1894805 0.1188019 0 P 0
L 0.1844805 0.180004 0.1894805 0.180004 0 P 0
L 0.1844805 0.224903 0.1894805 0.224903 0 P 0
L 0.1844805 0.2274531 0.1894805 0.2274531 0 P 0
L 0.1844805 0.2978531 0.1894805 0.2978531 0 P 0
L 0.1844805 0.3147781 0.1894805 0.3147781 0 P 0
L 0.1844805 0.3317031 0.1894805 0.3317031 0 P 0
L 0.1844805 0.4021032 0.1894805 0.4021032 0 P 0
L 0.1844805 0.4142528 0.1894805 0.4142528 0 P 0
L 0.1844805 0.4965529 0.1894805 0.4965529 0 P 0
L 0.1844805 0.5504535 0.1894805 0.5504535 0 P 0
L 0.1894805 0.0739029 0.1894805 0.1188019 0 P 0
L 0.1894805 0.1188019 0.1894805 0.180004 0 P 0
L 0.1894805 0.180004 0.1894805 0.224903 0 P 0
L 0.1894805 0.2274531 0.1894805 0.2978531 0 P 0
L 0.1894805 0.2978531 0.1894805 0.3147781 0 P 0
L 0.1894805 0.3147781 0.1894805 0.3317031 0 P 0
L 0.1894805 0.3317031 0.1894805 0.4021032 0 P 0
L 0.1894805 0.4142528 0.1894805 0.4965529 0 P 0
L 0.1894805 0.4965529 0.1894805 0.5504535 0 P 0
L -0.4355821 -0.0379989 -0.4355821 0.1355093 0 P 0
L -0.4355821 -0.0437645 -0.4355821 -0.0379989 0 P 0
L -0.4355821 0.1355093 -0.4355821 0.1494287 0 P 0
L -0.4355821 0.1494287 -0.4355821 0.171238 0 P 0
L -0.4355821 0.171238 -0.4355821 0.1851575 0 P 0
L -0.4355821 0.1851575 -0.4355821 0.2200151 0 P 0
L -0.4355821 0.2200151 -0.4355821 0.2318262 0 P 0
L -0.4355821 0.2318262 -0.4355821 0.3066294 0 P 0
L -0.4355821 0.3066294 -0.4355821 0.3145034 0 P 0
L -0.4355821 0.3145034 -0.4355821 0.3805021 0 P 0
L -0.4355821 0.3805021 -0.4355821 0.399 0 P 0
L -0.4355821 0.399 -0.4355821 0.4274895 0 P 0
L -0.4355821 0.4274895 -0.4355821 0.4286767 0 P 0
L 0.4365429 -0.0379989 0.4365429 0.1355093 0 P 0
L 0.4365429 -0.0379989 1.5979609 -0.0379989 0 P 0
L 0.4365429 -0.0437645 0.4365429 -0.0379989 0 P 0
L 0.4365429 -0.0437645 1.5979609 -0.0437645 0 P 0
L 0.4365429 0.1355093 0.4365429 0.1494287 0 P 0
L 0.4365429 0.1355093 0.5204172 0.1355093 0 P 0
L 0.4365429 0.1494287 0.4365429 0.3805021 0 P 0
L 0.4365429 0.1494287 0.5170884 0.1494287 0 P 0
L 0.4365429 0.3805021 0.4365429 0.399 0 P 0
L 0.4365429 0.3805021 1.5979609 0.3805021 0 P 0
L 0.4365429 0.399 0.4365429 0.4274895 0 P 0
L 0.4365429 0.399 1.5979609 0.399 0 P 0
L 0.4365429 0.4274895 0.4365429 0.4286767 0 P 0
L 0.4365429 0.4274895 1.5979609 0.4274895 0 P 0
L 0.4365429 0.4286767 1.5979609 0.4286767 0 P 0
L -0.4372897 0.0741715 -0.4364809 0.085399 0 P 0
L -0.4393732 0.0964535 -0.4364809 0.085399 0 P 0
L -0.4417555 0.063382 -0.4372897 0.0741715 0 P 0
L -0.4458092 0.1067333 -0.4393732 0.0964535 0 P 0
L -0.4470415 0.1030599 -0.4454407 0.0923798 0 P 0
L -0.4477452 0.0817643 -0.4454407 0.0923798 0 P 0
L -0.4496353 0.0536179 -0.4417555 0.063382 0 P 0
L -0.4524416 0.113098 -0.4470415 0.1030599 0 P 0
L -0.4529491 0.1137526 -0.4524416 0.113098 0 P 0
L -0.4538025 0.0719155 -0.4477452 0.0817643 0 P 0
L -0.4554385 0.1156788 -0.4458092 0.1067333 0 P 0
L -0.4570724 0.1494287 -0.4355821 0.1494287 0 P 0
L -0.4570724 0.1494287 -0.4570724 0.171238 0 P 0
L -0.4570724 0.171238 -0.4355821 0.171238 0 P 0
L -0.4604012 0.1355093 -0.4355821 0.1355093 0 P 0
L -0.4605002 0.0454105 -0.4496353 0.0536179 0 P 0
L -0.4606328 0.1851575 -0.4355821 0.1851575 0 P 0
L -0.4632121 0.0634849 -0.4538025 0.0719155 0 P 0
L -0.4635348 0.3066294 -0.4355821 0.3066294 0 P 0
L -0.4638098 0.3145034 -0.4355821 0.3145034 0 P 0
L -0.465872 0.3735585 -0.4638098 0.3145034 0 P 0
L -0.4677371 0.1228032 -0.4554385 0.1156788 0 P 0
L -0.4677371 0.1228032 -0.4604012 0.1355093 0 P 0
L -0.4710151 0.2436372 -0.4710151 0.2805436 0 P 0
L -0.4710151 0.2805436 -0.4710151 0.3081027 0 P 0
L -0.4710151 0.3081027 -0.4710151 0.3225213 0 P 0
L -0.4710151 0.3225213 -0.4710151 0.333336 0 P 0
L -0.4710151 0.333336 -0.4710151 0.3476302 0 P 0
L -0.4710151 0.3341884 -0.4644972 0.3341884 0 P 0
L -0.4710151 0.3459995 -0.4649097 0.3459995 0 P 0
L -0.4710151 0.3476302 -0.4710151 0.3499365 0 P 0
L -0.4729836 0.1272608 -0.4729836 0.180645 0 P 0
L -0.4729836 0.180645 -0.4584541 0.180645 0 P 0
L -0.4737588 0.0392065 -0.4605002 0.0454105 0 P 0
L -0.4753513 0.0570301 -0.4632121 0.0634849 0 P 0
L 0.47985 0.2515112 0.47985 0.3066294 0 P 0
L 0.47985 0.2515112 0.4955981 0.2515112 0 P 0
L 0.47985 0.3066294 0.4955981 0.3066294 0 P 0
L -0.4886896 0.0353438 -0.4737588 0.0392065 0 P 0
L -0.4894174 0.0529781 -0.4753513 0.0570301 0 P 0
L 0.4955981 0.171238 0.4955981 0.2436372 0 P 0
L 0.4955981 0.171238 0.5170884 0.171238 0 P 0
L 0.4955981 0.1851575 0.5206488 0.1851575 0 P 0
L 0.4955981 0.2200151 1.5979609 0.2200151 0 P 0
L 0.4955981 0.2318262 1.5979609 0.2318262 0 P 0
L 0.4955981 0.2436372 0.4955981 0.2508465 0 P 0
L 0.4955981 0.2436372 0.505894 0.2436372 0 P 0
L 0.4955981 0.2508465 0.4955981 0.2702705 0 P 0
L 0.4955981 0.2508465 0.5979603 0.3225213 0 P 0
L 0.4955981 0.2702705 0.4955981 0.3211209 0 P 0
L 0.4955981 0.2702705 0.56822 0.3211209 0 P 0
L 0.4955981 0.3211209 0.4955981 0.3476302 0 P 0
L 0.4955981 0.3211209 0.56822 0.3211209 0 P 0
L 0.4955981 0.3476302 0.4955981 0.3499365 0 P 0
L 0.4955981 0.3476302 0.5979603 0.3476302 0 P 0
L 0.4955981 0.3499365 0.4955981 0.3735585 0 P 0
L 0.4955981 0.3499365 0.5979603 0.3499365 0 P 0
L 0.4955981 0.3538735 0.6037909 0.3538735 0 P 0
L 0.4955981 0.3735585 0.6031034 0.3735585 0 P 0
L 0.4964969 0.085399 0.4973057 0.0741715 0 P 0
L 0.4964969 0.085399 0.4993893 0.0964535 0 P 0
L 0.4973057 0.0741715 0.5017715 0.063382 0 P 0
L 0.4993893 0.0964535 0.5058252 0.1067333 0 P 0
L -0.5007555 0.3211209 -0.4710151 0.333336 0 P 0
L 0.5017715 0.063382 0.5096513 0.0536179 0 P 0
L -0.5044797 0.0340324 -0.4886896 0.0353438 0 P 0
L -0.5044797 0.051597 -0.4894174 0.0529781 0 P 0
L 0.5054567 0.0923798 0.5070575 0.1030599 0 P 0
L 0.5054567 0.0923798 0.5077612 0.0817643 0 P 0
L 0.5058252 0.1067333 0.5154545 0.1156788 0 P 0
L 0.505894 0.2436372 0.5452525 0.2436372 0 P 0
L 0.505894 0.2436372 0.5979603 0.3081027 0 P 0
L 0.5070575 0.1030599 0.5124577 0.113098 0 P 0
L 0.5077612 0.0817643 0.5138186 0.0719155 0 P 0
L 0.5096513 0.0536179 0.5205162 0.0454105 0 P 0
L 0.5124577 0.113098 0.5129651 0.1137526 0 P 0
L 0.5138186 0.0719155 0.5232281 0.0634849 0 P 0
L 0.5154545 0.1156788 0.5277531 0.1228032 0 P 0
L 0.5170884 0.1494287 0.5170884 0.171238 0 P 0
L 0.5184701 0.180645 0.5329997 0.180645 0 P 0
L -0.5195421 0.0529781 -0.5044797 0.051597 0 P 0
L -0.5202699 0.0353438 -0.5044797 0.0340324 0 P 0
L 0.5204172 0.1355093 0.5277531 0.1228032 0 P 0
L 0.5205162 0.0454105 0.5337749 0.0392065 0 P 0
L 0.5232281 0.0634849 0.5353673 0.0570301 0 P 0
L -0.523723 0.2436372 -0.4710151 0.2436372 0 P 0
L -0.523723 0.2436372 -0.4710151 0.2805436 0 P 0
L 0.5329997 0.1272608 0.5329997 0.180645 0 P 0
L -0.5336081 0.0570301 -0.5195421 0.0529781 0 P 0
L 0.5337749 0.0392065 0.5487056 0.0353438 0 P 0
L -0.5352006 0.0392065 -0.5202699 0.0353438 0 P 0
L 0.5353673 0.0570301 0.5494334 0.0529781 0 P 0
L -0.5359758 0.1272608 -0.5359758 0.180645 0 P 0
L 0.5452525 0.2436372 0.5979603 0.2436372 0 P 0
L 0.5452525 0.2436372 0.5979603 0.2805436 0 P 0
L -0.5457474 0.0634849 -0.5336081 0.0570301 0 P 0
L -0.5484593 0.0454105 -0.5352006 0.0392065 0 P 0
L -0.5485583 0.1355093 -0.5412224 0.1228032 0 P 0
L 0.5487056 0.0353438 0.5644958 0.0340324 0 P 0
L 0.5494334 0.0529781 0.5644958 0.051597 0 P 0
L -0.5505054 0.180645 -0.5359758 0.180645 0 P 0
L -0.551887 0.1494287 -0.551887 0.171238 0 P 0
L -0.5535209 0.1156788 -0.5412224 0.1228032 0 P 0
L -0.5551569 0.0719155 -0.5457474 0.0634849 0 P 0
L -0.5565178 0.113098 -0.5560104 0.1137526 0 P 0
L -0.5593242 0.0536179 -0.5484593 0.0454105 0 P 0
L -0.5612143 0.0817643 -0.5551569 0.0719155 0 P 0
L -0.561918 0.1030599 -0.5565178 0.113098 0 P 0
L -0.5630815 0.2436372 -0.4710151 0.3081027 0 P 0
L -0.5630815 0.2436372 -0.523723 0.2436372 0 P 0
L -0.5631503 0.1067333 -0.5535209 0.1156788 0 P 0
L -0.5635188 0.0923798 -0.5612143 0.0817643 0 P 0
L -0.5635188 0.0923798 -0.561918 0.1030599 0 P 0
L 0.5644958 0.0340324 0.5802859 0.0353438 0 P 0
L 0.5644958 0.051597 0.5795581 0.0529781 0 P 0
L -0.567204 0.063382 -0.5593242 0.0536179 0 P 0
L 0.56822 0.3211209 0.5979603 0.333336 0 P 0
L -0.5695862 0.0964535 -0.5631503 0.1067333 0 P 0
L -0.5716698 0.0741715 -0.567204 0.063382 0 P 0
L -0.5724785 0.085399 -0.5695862 0.0964535 0 P 0
L -0.5724785 0.085399 -0.5716698 0.0741715 0 P 0
L -0.5733774 0.2436372 -0.5630815 0.2436372 0 P 0
L -0.5733774 0.2436372 -0.5733774 0.2508465 0 P 0
L -0.5733774 0.2508465 -0.4710151 0.3225213 0 P 0
L -0.5733774 0.2508465 -0.5733774 0.2702705 0 P 0
L -0.5733774 0.2702705 -0.5007555 0.3211209 0 P 0
L -0.5733774 0.2702705 -0.5733774 0.3211209 0 P 0
L -0.5733774 0.3211209 -0.5007555 0.3211209 0 P 0
L -0.5733774 0.3211209 -0.5733774 0.3476302 0 P 0
L -0.5733774 0.3476302 -0.4710151 0.3476302 0 P 0
L -0.5733774 0.3476302 -0.5733774 0.3499365 0 P 0
L -0.5733774 0.3499365 -0.4710151 0.3499365 0 P 0
L -0.5733774 0.3499365 -0.5733774 0.3735585 0 P 0
L -0.5733774 0.3538735 -0.4651846 0.3538735 0 P 0
L -0.5733774 0.3735585 -0.465872 0.3735585 0 P 0
L -0.575085 0.0741715 -0.5742763 0.085399 0 P 0
L -0.5771686 0.0964535 -0.5742763 0.085399 0 P 0
L -0.5795508 0.063382 -0.575085 0.0741715 0 P 0
L 0.5795581 0.0529781 0.5936242 0.0570301 0 P 0
L 0.5802859 0.0353438 0.5952166 0.0392065 0 P 0
L -0.5836046 0.1067333 -0.5771686 0.0964535 0 P 0
L -0.5848368 0.1030599 -0.583236 0.0923798 0 P 0
L -0.5855405 0.0817643 -0.583236 0.0923798 0 P 0
L -0.5874306 0.0536179 -0.5795508 0.063382 0 P 0
L -0.590237 0.113098 -0.5848368 0.1030599 0 P 0
L -0.5907444 0.1137526 -0.590237 0.113098 0 P 0
L -0.5915979 0.0719155 -0.5855405 0.0817643 0 P 0
L -0.5932339 0.1156788 -0.5836046 0.1067333 0 P 0
L 0.5936242 0.0570301 0.6057634 0.0634849 0 P 0
L -0.5948678 0.1494287 -0.551887 0.1494287 0 P 0
L -0.5948678 0.1494287 -0.5948678 0.171238 0 P 0
L -0.5948678 0.171238 -0.551887 0.171238 0 P 0
L 0.5952166 0.0392065 0.6084753 0.0454105 0 P 0
L 0.5959918 0.1272608 0.5959918 0.180645 0 P 0
L 0.5959918 0.180645 0.6105214 0.180645 0 P 0
L 0.5979603 0.2436372 0.5979603 0.2805436 0 P 0
L 0.5979603 0.2805436 0.5979603 0.3081027 0 P 0
L 0.5979603 0.3081027 0.5979603 0.3225213 0 P 0
L 0.5979603 0.3225213 0.5979603 0.333336 0 P 0
L 0.5979603 0.333336 0.5979603 0.3476302 0 P 0
L 0.5979603 0.3341884 0.6044783 0.3341884 0 P 0
L 0.5979603 0.3459995 0.6040658 0.3459995 0 P 0
L 0.5979603 0.3476302 0.5979603 0.3499365 0 P 0
L -0.5981965 0.1355093 -0.5485583 0.1355093 0 P 0
L -0.5982955 0.0454105 -0.5874306 0.0536179 0 P 0
L -0.5984281 0.1851575 -0.5483267 0.1851575 0 P 0
L -0.6010074 0.0634849 -0.5915979 0.0719155 0 P 0
L 0.6012384 0.1228032 0.6085743 0.1355093 0 P 0
L 0.6012384 0.1228032 0.613537 0.1156788 0 P 0
L -0.6013302 0.3066294 -0.5733774 0.3066294 0 P 0
L -0.6016051 0.3145034 -0.5733774 0.3145034 0 P 0
L 0.6031034 0.3735585 0.6051657 0.3145034 0 P 0
L -0.6036674 0.3735585 -0.6016051 0.3145034 0 P 0
L 0.6051657 0.3145034 0.6333934 0.3145034 0 P 0
L 0.6054407 0.3066294 0.6333934 0.3066294 0 P 0
L -0.6055324 0.1228032 -0.5932339 0.1156788 0 P 0
L -0.6055324 0.1228032 -0.5981965 0.1355093 0 P 0
L 0.6057634 0.0634849 0.6151729 0.0719155 0 P 0
L 0.6083427 0.1851575 0.6584441 0.1851575 0 P 0
L 0.6084753 0.0454105 0.6193402 0.0536179 0 P 0
L 0.6085743 0.1355093 0.6582126 0.1355093 0 P 0
L -0.6088105 0.2436372 -0.6088105 0.2805436 0 P 0
L -0.6088105 0.2805436 -0.6088105 0.3081027 0 P 0
L -0.6088105 0.3081027 -0.6088105 0.3225213 0 P 0
L -0.6088105 0.3225213 -0.6088105 0.333336 0 P 0
L -0.6088105 0.333336 -0.6088105 0.3476302 0 P 0
L -0.6088105 0.3341884 -0.6022926 0.3341884 0 P 0
L -0.6088105 0.3459995 -0.602705 0.3459995 0 P 0
L -0.6088105 0.3476302 -0.6088105 0.3499365 0 P 0
L -0.610779 0.1272608 -0.610779 0.180645 0 P 0
L -0.610779 0.180645 -0.5962495 0.180645 0 P 0
L -0.6115542 0.0392065 -0.5982955 0.0454105 0 P 0
L 0.6119031 0.1494287 0.6119031 0.171238 0 P 0
L 0.6119031 0.1494287 0.6548838 0.1494287 0 P 0
L 0.6119031 0.171238 0.6548838 0.171238 0 P 0
L -0.6131467 0.0570301 -0.6010074 0.0634849 0 P 0
L 0.613537 0.1156788 0.6231663 0.1067333 0 P 0
L 0.6151729 0.0719155 0.6212303 0.0817643 0 P 0
L 0.6160264 0.1137526 0.6165338 0.113098 0 P 0
L 0.6165338 0.113098 0.621934 0.1030599 0 P 0
L 0.6193402 0.0536179 0.62722 0.063382 0 P 0
L 0.6212303 0.0817643 0.6235348 0.0923798 0 P 0
L 0.621934 0.1030599 0.6235348 0.0923798 0 P 0
L 0.6231663 0.1067333 0.6296022 0.0964535 0 P 0
L -0.6264849 0.0353438 -0.6115542 0.0392065 0 P 0
L -0.6272127 0.0529781 -0.6131467 0.0570301 0 P 0
L 0.62722 0.063382 0.6316858 0.0741715 0 P 0
L 0.6296022 0.0964535 0.6324946 0.085399 0 P 0
L 0.6316858 0.0741715 0.6324946 0.085399 0 P 0
L 0.6333934 0.2436372 0.6333934 0.2508465 0 P 0
L 0.6333934 0.2436372 0.6436894 0.2436372 0 P 0
L 0.6333934 0.2508465 0.6333934 0.2702705 0 P 0
L 0.6333934 0.2508465 0.7357557 0.3225213 0 P 0
L 0.6333934 0.2702705 0.6333934 0.3211209 0 P 0
L 0.6333934 0.2702705 0.7060153 0.3211209 0 P 0
L 0.6333934 0.3211209 0.6333934 0.3476302 0 P 0
L 0.6333934 0.3211209 0.7060153 0.3211209 0 P 0
L 0.6333934 0.3476302 0.6333934 0.3499365 0 P 0
L 0.6333934 0.3476302 0.7357557 0.3476302 0 P 0
L 0.6333934 0.3499365 0.6333934 0.3735585 0 P 0
L 0.6333934 0.3499365 0.7357557 0.3499365 0 P 0
L 0.6333934 0.3538735 0.7415862 0.3538735 0 P 0
L 0.6333934 0.3735585 0.7408988 0.3735585 0 P 0
L 0.6342923 0.085399 0.6351011 0.0741715 0 P 0
L 0.6342923 0.085399 0.6371846 0.0964535 0 P 0
L 0.6351011 0.0741715 0.6395669 0.063382 0 P 0
L 0.6371846 0.0964535 0.6436206 0.1067333 0 P 0
L -0.6385509 0.3211209 -0.6088105 0.333336 0 P 0
L 0.6395669 0.063382 0.6474467 0.0536179 0 P 0
L -0.6422751 0.0340324 -0.6264849 0.0353438 0 P 0
L -0.6422751 0.051597 -0.6272127 0.0529781 0 P 0
L 0.6432521 0.0923798 0.6448528 0.1030599 0 P 0
L 0.6432521 0.0923798 0.6455566 0.0817643 0 P 0
L 0.6436206 0.1067333 0.6532499 0.1156788 0 P 0
L 0.6436894 0.2436372 0.6830478 0.2436372 0 P 0
L 0.6436894 0.2436372 0.7357557 0.3081027 0 P 0
L 0.6448528 0.1030599 0.650253 0.113098 0 P 0
L 0.6455566 0.0817643 0.6516139 0.0719155 0 P 0
L 0.6474467 0.0536179 0.6583116 0.0454105 0 P 0
L 0.650253 0.113098 0.6507604 0.1137526 0 P 0
L 0.6516139 0.0719155 0.6610234 0.0634849 0 P 0
L 0.6532499 0.1156788 0.6655484 0.1228032 0 P 0
L 0.6548838 0.1494287 0.6548838 0.171238 0 P 0
L 0.6562655 0.180645 0.670795 0.180645 0 P 0
L -0.6573374 0.0529781 -0.6422751 0.051597 0 P 0
L -0.6580652 0.0353438 -0.6422751 0.0340324 0 P 0
L 0.6582126 0.1355093 0.6655484 0.1228032 0 P 0
L 0.6583116 0.0454105 0.6715702 0.0392065 0 P 0
L 0.6610234 0.0634849 0.6731627 0.0570301 0 P 0
L -0.6615184 0.2436372 -0.6088105 0.2436372 0 P 0
L -0.6615184 0.2436372 -0.6088105 0.2805436 0 P 0
L 0.670795 0.1272608 0.670795 0.180645 0 P 0
L -0.6714035 0.0570301 -0.6573374 0.0529781 0 P 0
L 0.6715702 0.0392065 0.6865009 0.0353438 0 P 0
L -0.672996 0.0392065 -0.6580652 0.0353438 0 P 0
L 0.6731627 0.0570301 0.6872287 0.0529781 0 P 0
L -0.6737712 0.1272608 -0.6737712 0.180645 0 P 0
L 0.6830478 0.2436372 0.7357557 0.2436372 0 P 0
L 0.6830478 0.2436372 0.7357557 0.2805436 0 P 0
L -0.6835427 0.0634849 -0.6714035 0.0570301 0 P 0
L -0.6862546 0.0454105 -0.672996 0.0392065 0 P 0
L -0.6863536 0.1355093 -0.6790177 0.1228032 0 P 0
L 0.6865009 0.0353438 0.7022911 0.0340324 0 P 0
L 0.6872287 0.0529781 0.7022911 0.051597 0 P 0
L -0.6883007 0.180645 -0.6737712 0.180645 0 P 0
L -0.6896824 0.1494287 -0.6896824 0.171238 0 P 0
L -0.6913163 0.1156788 -0.6790177 0.1228032 0 P 0
L -0.6929523 0.0719155 -0.6835427 0.0634849 0 P 0
L -0.6943132 0.113098 -0.6938057 0.1137526 0 P 0
L -0.6971195 0.0536179 -0.6862546 0.0454105 0 P 0
L -0.6990096 0.0817643 -0.6929523 0.0719155 0 P 0
L -0.6997133 0.1030599 -0.6943132 0.113098 0 P 0
L -0.7008768 0.2436372 -0.6088105 0.3081027 0 P 0
L -0.7008768 0.2436372 -0.6615184 0.2436372 0 P 0
L -0.7009456 0.1067333 -0.6913163 0.1156788 0 P 0
L -0.7013141 0.0923798 -0.6990096 0.0817643 0 P 0
L -0.7013141 0.0923798 -0.6997133 0.1030599 0 P 0
L 0.7022911 0.0340324 0.7180813 0.0353438 0 P 0
L 0.7022911 0.051597 0.7173535 0.0529781 0 P 0
L -0.7049993 0.063382 -0.6971195 0.0536179 0 P 0
L 0.7060153 0.3211209 0.7357557 0.333336 0 P 0
L -0.7073816 0.0964535 -0.7009456 0.1067333 0 P 0
L -0.7094651 0.0741715 -0.7049993 0.063382 0 P 0
L -0.7102739 0.085399 -0.7073816 0.0964535 0 P 0
L -0.7102739 0.085399 -0.7094651 0.0741715 0 P 0
L -0.7111728 0.2436372 -0.7008768 0.2436372 0 P 0
L -0.7111728 0.2436372 -0.7111728 0.2508465 0 P 0
L -0.7111728 0.2508465 -0.6088105 0.3225213 0 P 0
L -0.7111728 0.2508465 -0.7111728 0.2702705 0 P 0
L -0.7111728 0.2702705 -0.6385509 0.3211209 0 P 0
L -0.7111728 0.2702705 -0.7111728 0.3211209 0 P 0
L -0.7111728 0.3211209 -0.6385509 0.3211209 0 P 0
L -0.7111728 0.3211209 -0.7111728 0.3476302 0 P 0
L -0.7111728 0.3476302 -0.6088105 0.3476302 0 P 0
L -0.7111728 0.3476302 -0.7111728 0.3499365 0 P 0
L -0.7111728 0.3499365 -0.6088105 0.3499365 0 P 0
L -0.7111728 0.3499365 -0.7111728 0.3735585 0 P 0
L -0.7111728 0.3538735 -0.60298 0.3538735 0 P 0
L -0.7111728 0.3735585 -0.6036674 0.3735585 0 P 0
L -0.7128804 0.0741715 -0.7120716 0.085399 0 P 0
L -0.7149639 0.0964535 -0.7120716 0.085399 0 P 0
L -0.7173462 0.063382 -0.7128804 0.0741715 0 P 0
L 0.7173535 0.0529781 0.7314195 0.0570301 0 P 0
L 0.7180813 0.0353438 0.733012 0.0392065 0 P 0
L -0.7213999 0.1067333 -0.7149639 0.0964535 0 P 0
L -0.7226322 0.1030599 -0.7210314 0.0923798 0 P 0
L -0.7233359 0.0817643 -0.7210314 0.0923798 0 P 0
L -0.725226 0.0536179 -0.7173462 0.063382 0 P 0
L -0.7280323 0.113098 -0.7226322 0.1030599 0 P 0
L -0.7285398 0.1137526 -0.7280323 0.113098 0 P 0
L -0.7293932 0.0719155 -0.7233359 0.0817643 0 P 0
L -0.7310292 0.1156788 -0.7213999 0.1067333 0 P 0
L 0.7314195 0.0570301 0.7435588 0.0634849 0 P 0
L -0.7326631 0.1494287 -0.6896824 0.1494287 0 P 0
L -0.7326631 0.1494287 -0.7326631 0.171238 0 P 0
L -0.7326631 0.171238 -0.6896824 0.171238 0 P 0
L 0.733012 0.0392065 0.7462706 0.0454105 0 P 0
L 0.7337872 0.1272608 0.7337872 0.180645 0 P 0
L 0.7337872 0.180645 0.7483167 0.180645 0 P 0
L 0.7357557 0.2436372 0.7357557 0.2805436 0 P 0
L 0.7357557 0.2805436 0.7357557 0.3081027 0 P 0
L 0.7357557 0.3081027 0.7357557 0.3225213 0 P 0
L 0.7357557 0.3225213 0.7357557 0.333336 0 P 0
L 0.7357557 0.333336 0.7357557 0.3476302 0 P 0
L 0.7357557 0.3341884 0.7422736 0.3341884 0 P 0
L 0.7357557 0.3459995 0.7418612 0.3459995 0 P 0
L 0.7357557 0.3476302 0.7357557 0.3499365 0 P 0
L -0.7359919 0.1355093 -0.6863536 0.1355093 0 P 0
L -0.7360909 0.0454105 -0.725226 0.0536179 0 P 0
L -0.7362235 0.1851575 -0.686122 0.1851575 0 P 0
L -0.7388028 0.0634849 -0.7293932 0.0719155 0 P 0
L 0.7390338 0.1228032 0.7463696 0.1355093 0 P 0
L 0.7390338 0.1228032 0.7513323 0.1156788 0 P 0
L -0.7391255 0.3066294 -0.7111728 0.3066294 0 P 0
L -0.7394005 0.3145034 -0.7111728 0.3145034 0 P 0
L 0.7408988 0.3735585 0.742961 0.3145034 0 P 0
L -0.7414627 0.3735585 -0.7394005 0.3145034 0 P 0
L 0.742961 0.3145034 0.7711888 0.3145034 0 P 0
L 0.743236 0.3066294 0.7711888 0.3066294 0 P 0
L -0.7433278 0.1228032 -0.7310292 0.1156788 0 P 0
L -0.7433278 0.1228032 -0.7359919 0.1355093 0 P 0
L 0.7435588 0.0634849 0.7529683 0.0719155 0 P 0
L 0.7461381 0.1851575 0.7962395 0.1851575 0 P 0
L 0.7462706 0.0454105 0.7571355 0.0536179 0 P 0
L 0.7463696 0.1355093 0.7960079 0.1355093 0 P 0
L -0.7466058 0.2436372 -0.7466058 0.2805436 0 P 0
L -0.7466058 0.2805436 -0.7466058 0.3081027 0 P 0
L -0.7466058 0.3081027 -0.7466058 0.3225213 0 P 0
L -0.7466058 0.3225213 -0.7466058 0.333336 0 P 0
L -0.7466058 0.333336 -0.7466058 0.3476302 0 P 0
L -0.7466058 0.3341884 -0.7400879 0.3341884 0 P 0
L -0.7466058 0.3459995 -0.7405004 0.3459995 0 P 0
L -0.7466058 0.3476302 -0.7466058 0.3499365 0 P 0
L -0.7485743 0.1272608 -0.7485743 0.180645 0 P 0
L -0.7485743 0.180645 -0.7340448 0.180645 0 P 0
L -0.7493495 0.0392065 -0.7360909 0.0454105 0 P 0
L 0.7496984 0.1494287 0.7496984 0.171238 0 P 0
L 0.7496984 0.1494287 0.7926791 0.1494287 0 P 0
L 0.7496984 0.171238 0.7926791 0.171238 0 P 0
L -0.750942 0.0570301 -0.7388028 0.0634849 0 P 0
L 0.7513323 0.1156788 0.7609616 0.1067333 0 P 0
L 0.7529683 0.0719155 0.7590256 0.0817643 0 P 0
L 0.7538218 0.1137526 0.7543292 0.113098 0 P 0
L 0.7543292 0.113098 0.7597294 0.1030599 0 P 0
L 0.7571355 0.0536179 0.7650153 0.063382 0 P 0
L 0.7590256 0.0817643 0.7613301 0.0923798 0 P 0
L 0.7597294 0.1030599 0.7613301 0.0923798 0 P 0
L 0.7609616 0.1067333 0.7673976 0.0964535 0 P 0
L -0.7642803 0.0353438 -0.7493495 0.0392065 0 P 0
L -0.7650081 0.0529781 -0.750942 0.0570301 0 P 0
L 0.7650153 0.063382 0.7694811 0.0741715 0 P 0
L 0.7673976 0.0964535 0.7702899 0.085399 0 P 0
L 0.7694811 0.0741715 0.7702899 0.085399 0 P 0
L 0.7711888 0.2436372 0.7711888 0.2508465 0 P 0
L 0.7711888 0.2436372 0.7814847 0.2436372 0 P 0
L 0.7711888 0.2508465 0.7711888 0.2702705 0 P 0
L 0.7711888 0.2508465 0.873551 0.3225213 0 P 0
L 0.7711888 0.2702705 0.7711888 0.3211209 0 P 0
L 0.7711888 0.2702705 0.8438107 0.3211209 0 P 0
L 0.7711888 0.3211209 0.7711888 0.3476302 0 P 0
L 0.7711888 0.3211209 0.8438107 0.3211209 0 P 0
L 0.7711888 0.3476302 0.7711888 0.3499365 0 P 0
L 0.7711888 0.3476302 0.873551 0.3476302 0 P 0
L 0.7711888 0.3499365 0.7711888 0.3735585 0 P 0
L 0.7711888 0.3499365 0.873551 0.3499365 0 P 0
L 0.7711888 0.3538735 0.8793816 0.3538735 0 P 0
L 0.7711888 0.3735585 0.8786941 0.3735585 0 P 0
L 0.7720876 0.085399 0.7728964 0.0741715 0 P 0
L 0.7720876 0.085399 0.77498 0.0964535 0 P 0
L 0.7728964 0.0741715 0.7773622 0.063382 0 P 0
L 0.77498 0.0964535 0.7814159 0.1067333 0 P 0
L -0.7763462 0.3211209 -0.7466058 0.333336 0 P 0
L 0.7773622 0.063382 0.785242 0.0536179 0 P 0
L -0.7800704 0.0340324 -0.7642803 0.0353438 0 P 0
L -0.7800704 0.051597 -0.7650081 0.0529781 0 P 0
L 0.7810474 0.0923798 0.7826482 0.1030599 0 P 0
L 0.7810474 0.0923798 0.7833519 0.0817643 0 P 0
L 0.7814159 0.1067333 0.7910452 0.1156788 0 P 0
L 0.7814847 0.2436372 0.8208432 0.2436372 0 P 0
L 0.7814847 0.2436372 0.873551 0.3081027 0 P 0
L 0.7826482 0.1030599 0.7880484 0.113098 0 P 0
L 0.7833519 0.0817643 0.7894093 0.0719155 0 P 0
L 0.785242 0.0536179 0.7961069 0.0454105 0 P 0
L 0.7880484 0.113098 0.7885558 0.1137526 0 P 0
L 0.7894093 0.0719155 0.7988188 0.0634849 0 P 0
L 0.7910452 0.1156788 0.8033438 0.1228032 0 P 0
L 0.7926791 0.1494287 0.7926791 0.171238 0 P 0
L 0.7940608 0.180645 0.8085904 0.180645 0 P 0
L -0.7951328 0.0529781 -0.7800704 0.051597 0 P 0
L -0.7958606 0.0353438 -0.7800704 0.0340324 0 P 0
L 0.7960079 0.1355093 0.8033438 0.1228032 0 P 0
L 0.7961069 0.0454105 0.8093656 0.0392065 0 P 0
L 0.7988188 0.0634849 0.810958 0.0570301 0 P 0
L -0.7993137 0.2436372 -0.7466058 0.2436372 0 P 0
L -0.7993137 0.2436372 -0.7466058 0.2805436 0 P 0
L 0.8085904 0.1272608 0.8085904 0.180645 0 P 0
L -0.8091988 0.0570301 -0.7951328 0.0529781 0 P 0
L 0.8093656 0.0392065 0.8242963 0.0353438 0 P 0
L -0.8107913 0.0392065 -0.7958606 0.0353438 0 P 0
L 0.810958 0.0570301 0.8250241 0.0529781 0 P 0
L -0.8115665 0.1272608 -0.8115665 0.180645 0 P 0
L 0.8208432 0.2436372 0.873551 0.2436372 0 P 0
L 0.8208432 0.2436372 0.873551 0.2805436 0 P 0
L -0.8213381 0.0634849 -0.8091988 0.0570301 0 P 0
L -0.82405 0.0454105 -0.8107913 0.0392065 0 P 0
L -0.824149 0.1355093 -0.8168131 0.1228032 0 P 0
L 0.8242963 0.0353438 0.8400865 0.0340324 0 P 0
L 0.8250241 0.0529781 0.8400865 0.051597 0 P 0
L -0.8260961 0.180645 -0.8115665 0.180645 0 P 0
L -0.8274777 0.1494287 -0.8274777 0.171238 0 P 0
L -0.8291116 0.1156788 -0.8168131 0.1228032 0 P 0
L -0.8307476 0.0719155 -0.8213381 0.0634849 0 P 0
L -0.8321085 0.113098 -0.8316011 0.1137526 0 P 0
L -0.8349149 0.0536179 -0.82405 0.0454105 0 P 0
L -0.836805 0.0817643 -0.8307476 0.0719155 0 P 0
L -0.8375087 0.1030599 -0.8321085 0.113098 0 P 0
L -0.8386722 0.2436372 -0.7466058 0.3081027 0 P 0
L -0.8386722 0.2436372 -0.7993137 0.2436372 0 P 0
L -0.838741 0.1067333 -0.8291116 0.1156788 0 P 0
L -0.8391095 0.0923798 -0.836805 0.0817643 0 P 0
L -0.8391095 0.0923798 -0.8375087 0.1030599 0 P 0
L 0.8400865 0.0340324 0.8558766 0.0353438 0 P 0
L 0.8400865 0.051597 0.8551488 0.0529781 0 P 0
L -0.8427947 0.063382 -0.8349149 0.0536179 0 P 0
L 0.8438107 0.3211209 0.873551 0.333336 0 P 0
L -0.8451769 0.0964535 -0.838741 0.1067333 0 P 0
L -0.8472605 0.0741715 -0.8427947 0.063382 0 P 0
L -0.8480692 0.085399 -0.8451769 0.0964535 0 P 0
L -0.8480692 0.085399 -0.8472605 0.0741715 0 P 0
L -0.8489681 0.2436372 -0.8386722 0.2436372 0 P 0
L -0.8489681 0.2436372 -0.8489681 0.2508465 0 P 0
L -0.8489681 0.2508465 -0.7466058 0.3225213 0 P 0
L -0.8489681 0.2508465 -0.8489681 0.2702705 0 P 0
L -0.8489681 0.2702705 -0.7763462 0.3211209 0 P 0
L -0.8489681 0.2702705 -0.8489681 0.3211209 0 P 0
L -0.8489681 0.3211209 -0.7763462 0.3211209 0 P 0
L -0.8489681 0.3211209 -0.8489681 0.3476302 0 P 0
L -0.8489681 0.3476302 -0.7466058 0.3476302 0 P 0
L -0.8489681 0.3476302 -0.8489681 0.3499365 0 P 0
L -0.8489681 0.3499365 -0.7466058 0.3499365 0 P 0
L -0.8489681 0.3499365 -0.8489681 0.3735585 0 P 0
L -0.8489681 0.3538735 -0.7407753 0.3538735 0 P 0
L -0.8489681 0.3735585 -0.7414627 0.3735585 0 P 0
L -0.8506757 0.0741715 -0.849867 0.085399 0 P 0
L -0.8527593 0.0964535 -0.849867 0.085399 0 P 0
L -0.8551415 0.063382 -0.8506757 0.0741715 0 P 0
L 0.8551488 0.0529781 0.8692149 0.0570301 0 P 0
L 0.8558766 0.0353438 0.8708073 0.0392065 0 P 0
L -0.8591953 0.1067333 -0.8527593 0.0964535 0 P 0
L -0.8604275 0.1030599 -0.8588267 0.0923798 0 P 0
L -0.8611312 0.0817643 -0.8588267 0.0923798 0 P 0
L -0.8630213 0.0536179 -0.8551415 0.063382 0 P 0
L -0.8658277 0.113098 -0.8604275 0.1030599 0 P 0
L -0.8663351 0.1137526 -0.8658277 0.113098 0 P 0
L -0.8671886 0.0719155 -0.8611312 0.0817643 0 P 0
L -0.8688246 0.1156788 -0.8591953 0.1067333 0 P 0
L 0.8692149 0.0570301 0.8813541 0.0634849 0 P 0
L -0.8704585 0.1494287 -0.8274777 0.1494287 0 P 0
L -0.8704585 0.1494287 -0.8704585 0.171238 0 P 0
L -0.8704585 0.171238 -0.8274777 0.171238 0 P 0
L 0.8708073 0.0392065 0.884066 0.0454105 0 P 0
L 0.8715825 0.1272608 0.8715825 0.180645 0 P 0
L 0.8715825 0.180645 0.8861121 0.180645 0 P 0
L 0.873551 0.2436372 0.873551 0.2805436 0 P 0
L 0.873551 0.2805436 0.873551 0.3081027 0 P 0
L 0.873551 0.3081027 0.873551 0.3225213 0 P 0
L 0.873551 0.3225213 0.873551 0.333336 0 P 0
L 0.873551 0.333336 0.873551 0.3476302 0 P 0
L 0.873551 0.3341884 0.880069 0.3341884 0 P 0
L 0.873551 0.3459995 0.8796565 0.3459995 0 P 0
L 0.873551 0.3476302 0.873551 0.3499365 0 P 0
L -0.8737872 0.1355093 -0.824149 0.1355093 0 P 0
L -0.8738862 0.0454105 -0.8630213 0.0536179 0 P 0
L -0.8740188 0.1851575 -0.8239174 0.1851575 0 P 0
L -0.8765981 0.0634849 -0.8671886 0.0719155 0 P 0
L 0.8768291 0.1228032 0.884165 0.1355093 0 P 0
L 0.8768291 0.1228032 0.8891277 0.1156788 0 P 0
L -0.8769209 0.3066294 -0.8489681 0.3066294 0 P 0
L -0.8771958 0.3145034 -0.8489681 0.3145034 0 P 0
L 0.8786941 0.3735585 0.8807564 0.3145034 0 P 0
L -0.8792581 0.3735585 -0.8771958 0.3145034 0 P 0
L 0.8807564 0.3145034 0.9089841 0.3145034 0 P 0
L 0.8810314 0.3066294 0.9089841 0.3066294 0 P 0
L -0.8811231 0.1228032 -0.8688246 0.1156788 0 P 0
L -0.8811231 0.1228032 -0.8737872 0.1355093 0 P 0
L 0.8813541 0.0634849 0.8907636 0.0719155 0 P 0
L 0.8839334 0.1851575 0.9340348 0.1851575 0 P 0
L 0.884066 0.0454105 0.8949309 0.0536179 0 P 0
L 0.884165 0.1355093 0.9338033 0.1355093 0 P 0
L -0.8844012 0.2436372 -0.8844012 0.2805436 0 P 0
L -0.8844012 0.2805436 -0.8844012 0.3081027 0 P 0
L -0.8844012 0.3081027 -0.8844012 0.3225213 0 P 0
L -0.8844012 0.3225213 -0.8844012 0.333336 0 P 0
L -0.8844012 0.333336 -0.8844012 0.3476302 0 P 0
L -0.8844012 0.3341884 -0.8778833 0.3341884 0 P 0
L -0.8844012 0.3459995 -0.8782957 0.3459995 0 P 0
L -0.8844012 0.3476302 -0.8844012 0.3499365 0 P 0
L -0.8863697 0.1272608 -0.8863697 0.180645 0 P 0
L -0.8863697 0.180645 -0.8718402 0.180645 0 P 0
L -0.8871449 0.0392065 -0.8738862 0.0454105 0 P 0
L 0.8874938 0.1494287 0.8874938 0.171238 0 P 0
L 0.8874938 0.1494287 0.9304745 0.1494287 0 P 0
L 0.8874938 0.171238 0.9304745 0.171238 0 P 0
L -0.8887374 0.0570301 -0.8765981 0.0634849 0 P 0
L 0.8891277 0.1156788 0.898757 0.1067333 0 P 0
L 0.8907636 0.0719155 0.896821 0.0817643 0 P 0
L 0.8916171 0.1137526 0.8921245 0.113098 0 P 0
L 0.8921245 0.113098 0.8975247 0.1030599 0 P 0
L 0.8949309 0.0536179 0.9028107 0.063382 0 P 0
L 0.896821 0.0817643 0.8991255 0.0923798 0 P 0
L 0.8975247 0.1030599 0.8991255 0.0923798 0 P 0
L 0.898757 0.1067333 0.9051929 0.0964535 0 P 0
L -0.9020756 0.0353438 -0.8871449 0.0392065 0 P 0
L -0.9028034 0.0529781 -0.8887374 0.0570301 0 P 0
L 0.9028107 0.063382 0.9072765 0.0741715 0 P 0
L 0.9051929 0.0964535 0.9080853 0.085399 0 P 0
L 0.9072765 0.0741715 0.9080853 0.085399 0 P 0
L 0.9089841 0.2436372 0.9089841 0.2508465 0 P 0
L 0.9089841 0.2436372 0.9192801 0.2436372 0 P 0
L 0.9089841 0.2508465 0.9089841 0.2702705 0 P 0
L 0.9089841 0.2508465 1.0113464 0.3225213 0 P 0
L 0.9089841 0.2702705 0.9089841 0.3211209 0 P 0
L 0.9089841 0.2702705 0.981606 0.3211209 0 P 0
L 0.9089841 0.3211209 0.9089841 0.3476302 0 P 0
L 0.9089841 0.3211209 0.981606 0.3211209 0 P 0
L 0.9089841 0.3476302 0.9089841 0.3499365 0 P 0
L 0.9089841 0.3476302 1.0113464 0.3476302 0 P 0
L 0.9089841 0.3499365 0.9089841 0.3735585 0 P 0
L 0.9089841 0.3499365 1.0113464 0.3499365 0 P 0
L 0.9089841 0.3538735 1.0171769 0.3538735 0 P 0
L 0.9089841 0.3735585 1.0164895 0.3735585 0 P 0
L 0.909883 0.085399 0.9106918 0.0741715 0 P 0
L 0.909883 0.085399 0.9127753 0.0964535 0 P 0
L 0.9106918 0.0741715 0.9151576 0.063382 0 P 0
L 0.9127753 0.0964535 0.9192113 0.1067333 0 P 0
L -0.9141416 0.3211209 -0.8844012 0.333336 0 P 0
L 0.9151576 0.063382 0.9230374 0.0536179 0 P 0
L -0.9178658 0.0340324 -0.9020756 0.0353438 0 P 0
L -0.9178658 0.051597 -0.9028034 0.0529781 0 P 0
L 0.9188428 0.0923798 0.9204435 0.1030599 0 P 0
L 0.9188428 0.0923798 0.9211473 0.0817643 0 P 0
L 0.9192113 0.1067333 0.9288406 0.1156788 0 P 0
L 0.9192801 0.2436372 0.9586385 0.2436372 0 P 0
L 0.9192801 0.2436372 1.0113464 0.3081027 0 P 0
L 0.9204435 0.1030599 0.9258437 0.113098 0 P 0
L 0.9211473 0.0817643 0.9272046 0.0719155 0 P 0
L 0.9230374 0.0536179 0.9339023 0.0454105 0 P 0
L 0.9258437 0.113098 0.9263511 0.1137526 0 P 0
L 0.9272046 0.0719155 0.9366141 0.0634849 0 P 0
L 0.9288406 0.1156788 0.9411391 0.1228032 0 P 0
L 0.9304745 0.1494287 0.9304745 0.171238 0 P 0
L 0.9318562 0.180645 0.9463857 0.180645 0 P 0
L -0.9329281 0.0529781 -0.9178658 0.051597 0 P 0
L -0.9336559 0.0353438 -0.9178658 0.0340324 0 P 0
L 0.9338033 0.1355093 0.9411391 0.1228032 0 P 0
L 0.9339023 0.0454105 0.9471609 0.0392065 0 P 0
L 0.9366141 0.0634849 0.9487534 0.0570301 0 P 0
L -0.9371091 0.2436372 -0.8844012 0.2436372 0 P 0
L -0.9371091 0.2436372 -0.8844012 0.2805436 0 P 0
L 0.9463857 0.1272608 0.9463857 0.180645 0 P 0
L -0.9469942 0.0570301 -0.9329281 0.0529781 0 P 0
L 0.9471609 0.0392065 0.9620916 0.0353438 0 P 0
L -0.9485867 0.0392065 -0.9336559 0.0353438 0 P 0
L 0.9487534 0.0570301 0.9628194 0.0529781 0 P 0
L -0.9493619 0.1272608 -0.9493619 0.180645 0 P 0
L 0.9586385 0.2436372 1.0113464 0.2436372 0 P 0
L 0.9586385 0.2436372 1.0113464 0.2805436 0 P 0
L -0.9591334 0.0634849 -0.9469942 0.0570301 0 P 0
L -0.9618453 0.0454105 -0.9485867 0.0392065 0 P 0
L -0.9619443 0.1355093 -0.9546084 0.1228032 0 P 0
L 0.9620916 0.0353438 0.9778818 0.0340324 0 P 0
L 0.9628194 0.0529781 0.9778818 0.051597 0 P 0
L -0.9638914 0.180645 -0.9493619 0.180645 0 P 0
L -0.9652731 0.1494287 -0.9652731 0.171238 0 P 0
L -0.966907 0.1156788 -0.9546084 0.1228032 0 P 0
L -0.968543 0.0719155 -0.9591334 0.0634849 0 P 0
L -0.9699039 0.113098 -0.9693964 0.1137526 0 P 0
L -0.9727102 0.0536179 -0.9618453 0.0454105 0 P 0
L -0.9746003 0.0817643 -0.968543 0.0719155 0 P 0
L -0.975304 0.1030599 -0.9699039 0.113098 0 P 0
L -0.9764675 0.2436372 -0.8844012 0.3081027 0 P 0
L -0.9764675 0.2436372 -0.9371091 0.2436372 0 P 0
L -0.9765363 0.1067333 -0.966907 0.1156788 0 P 0
L -0.9769048 0.0923798 -0.9746003 0.0817643 0 P 0
L -0.9769048 0.0923798 -0.975304 0.1030599 0 P 0
L 0.9778818 0.0340324 0.993672 0.0353438 0 P 0
L 0.9778818 0.051597 0.9929442 0.0529781 0 P 0
L -0.98059 0.063382 -0.9727102 0.0536179 0 P 0
L 0.981606 0.3211209 1.0113464 0.333336 0 P 0
L -0.9829723 0.0964535 -0.9765363 0.1067333 0 P 0
L -0.9850558 0.0741715 -0.98059 0.063382 0 P 0
L -0.9858646 0.085399 -0.9829723 0.0964535 0 P 0
L -0.9858646 0.085399 -0.9850558 0.0741715 0 P 0
L -0.9867635 0.2436372 -0.9764675 0.2436372 0 P 0
L -0.9867635 0.2436372 -0.9867635 0.2508465 0 P 0
L -0.9867635 0.2508465 -0.8844012 0.3225213 0 P 0
L -0.9867635 0.2508465 -0.9867635 0.2702705 0 P 0
L -0.9867635 0.2702705 -0.9141416 0.3211209 0 P 0
L -0.9867635 0.2702705 -0.9867635 0.3211209 0 P 0
L -0.9867635 0.3211209 -0.9141416 0.3211209 0 P 0
L -0.9867635 0.3211209 -0.9867635 0.3476302 0 P 0
L -0.9867635 0.3476302 -0.8844012 0.3476302 0 P 0
L -0.9867635 0.3476302 -0.9867635 0.3499365 0 P 0
L -0.9867635 0.3499365 -0.8844012 0.3499365 0 P 0
L -0.9867635 0.3499365 -0.9867635 0.3735585 0 P 0
L -0.9867635 0.3538735 -0.8785707 0.3538735 0 P 0
L -0.9867635 0.3735585 -0.8792581 0.3735585 0 P 0
L -0.9884711 0.0741715 -0.9876623 0.085399 0 P 0
L -0.9905546 0.0964535 -0.9876623 0.085399 0 P 0
L -0.9929369 0.063382 -0.9884711 0.0741715 0 P 0
L 0.9929442 0.0529781 1.0070102 0.0570301 0 P 0
L 0.993672 0.0353438 1.0086027 0.0392065 0 P 0
L -0.9969906 0.1067333 -0.9905546 0.0964535 0 P 0
L -0.9982229 0.1030599 -0.9966221 0.0923798 0 P 0
L -0.9989266 0.0817643 -0.9966221 0.0923798 0 P 0
L -1.0008167 0.0536179 -0.9929369 0.063382 0 P 0
L -1.003623 0.113098 -0.9982229 0.1030599 0 P 0
L -1.0041305 0.1137526 -1.003623 0.113098 0 P 0
L -1.0049839 0.0719155 -0.9989266 0.0817643 0 P 0
L -1.0066199 0.1156788 -0.9969906 0.1067333 0 P 0
L 1.0070102 0.0570301 1.0191495 0.0634849 0 P 0
L -1.0082538 0.1494287 -0.9652731 0.1494287 0 P 0
L -1.0082538 0.1494287 -1.0082538 0.171238 0 P 0
L -1.0082538 0.171238 -0.9652731 0.171238 0 P 0
L 1.0086027 0.0392065 1.0218613 0.0454105 0 P 0
L 1.0093779 0.1272608 1.0093779 0.180645 0 P 0
L 1.0093779 0.180645 1.0239074 0.180645 0 P 0
L 1.0113464 0.2436372 1.0113464 0.2805436 0 P 0
L 1.0113464 0.2805436 1.0113464 0.3081027 0 P 0
L 1.0113464 0.3081027 1.0113464 0.3225213 0 P 0
L 1.0113464 0.3225213 1.0113464 0.333336 0 P 0
L 1.0113464 0.333336 1.0113464 0.3476302 0 P 0
L 1.0113464 0.3341884 1.0178643 0.3341884 0 P 0
L 1.0113464 0.3459995 1.0174519 0.3459995 0 P 0
L 1.0113464 0.3476302 1.0113464 0.3499365 0 P 0
L -1.0115826 0.1355093 -0.9619443 0.1355093 0 P 0
L -1.0116816 0.0454105 -1.0008167 0.0536179 0 P 0
L -1.0118142 0.1851575 -0.9617127 0.1851575 0 P 0
L -1.0143935 0.0634849 -1.0049839 0.0719155 0 P 0
L 1.0146245 0.1228032 1.0219603 0.1355093 0 P 0
L 1.0146245 0.1228032 1.026923 0.1156788 0 P 0
L -1.0147162 0.3066294 -0.9867635 0.3066294 0 P 0
L -1.0149912 0.3145034 -0.9867635 0.3145034 0 P 0
L 1.0164895 0.3735585 1.0185517 0.3145034 0 P 0
L -1.0170534 0.3735585 -1.0149912 0.3145034 0 P 0
L 1.0185517 0.3145034 1.0467795 0.3145034 0 P 0
L 1.0188267 0.3066294 1.0467795 0.3066294 0 P 0
L -1.0189185 0.1228032 -1.0066199 0.1156788 0 P 0
L -1.0189185 0.1228032 -1.0115826 0.1355093 0 P 0
L 1.0191495 0.0634849 1.028559 0.0719155 0 P 0
L 1.0217288 0.1851575 1.0718302 0.1851575 0 P 0
L 1.0218613 0.0454105 1.0327262 0.0536179 0 P 0
L 1.0219603 0.1355093 1.0715986 0.1355093 0 P 0
L -1.0221965 0.2436372 -1.0221965 0.2805436 0 P 0
L -1.0221965 0.2805436 -1.0221965 0.3081027 0 P 0
L -1.0221965 0.3081027 -1.0221965 0.3225213 0 P 0
L -1.0221965 0.3225213 -1.0221965 0.333336 0 P 0
L -1.0221965 0.333336 -1.0221965 0.3476302 0 P 0
L -1.0221965 0.3341884 -1.0156786 0.3341884 0 P 0
L -1.0221965 0.3459995 -1.0160911 0.3459995 0 P 0
L -1.0221965 0.3476302 -1.0221965 0.3499365 0 P 0
L -1.024165 0.1272608 -1.024165 0.180645 0 P 0
L -1.024165 0.180645 -1.0096355 0.180645 0 P 0
L -1.0249402 0.0392065 -1.0116816 0.0454105 0 P 0
L 1.0252891 0.1494287 1.0252891 0.171238 0 P 0
L 1.0252891 0.1494287 1.0682698 0.1494287 0 P 0
L 1.0252891 0.171238 1.0682698 0.171238 0 P 0
L -1.0265327 0.0570301 -1.0143935 0.0634849 0 P 0
L 1.026923 0.1156788 1.0365523 0.1067333 0 P 0
L 1.028559 0.0719155 1.0346163 0.0817643 0 P 0
L 1.0294125 0.1137526 1.0299199 0.113098 0 P 0
L 1.0299199 0.113098 1.0353201 0.1030599 0 P 0
L 1.0327262 0.0536179 1.040606 0.063382 0 P 0
L 1.0346163 0.0817643 1.0369208 0.0923798 0 P 0
L 1.0353201 0.1030599 1.0369208 0.0923798 0 P 0
L 1.0365523 0.1067333 1.0429883 0.0964535 0 P 0
L -1.039871 0.0353438 -1.0249402 0.0392065 0 P 0
L -1.0405988 0.0529781 -1.0265327 0.0570301 0 P 0
L 1.040606 0.063382 1.0450718 0.0741715 0 P 0
L 1.0429883 0.0964535 1.0458806 0.085399 0 P 0
L 1.0450718 0.0741715 1.0458806 0.085399 0 P 0
L 1.0467795 0.2436372 1.0467795 0.2508465 0 P 0
L 1.0467795 0.2436372 1.0570754 0.2436372 0 P 0
L 1.0467795 0.2508465 1.0467795 0.2702705 0 P 0
L 1.0467795 0.2508465 1.1491417 0.3225213 0 P 0
L 1.0467795 0.2702705 1.0467795 0.3211209 0 P 0
L 1.0467795 0.2702705 1.1194014 0.3211209 0 P 0
L 1.0467795 0.3211209 1.0467795 0.3476302 0 P 0
L 1.0467795 0.3211209 1.1194014 0.3211209 0 P 0
L 1.0467795 0.3476302 1.0467795 0.3499365 0 P 0
L 1.0467795 0.3476302 1.1491417 0.3476302 0 P 0
L 1.0467795 0.3499365 1.0467795 0.3735585 0 P 0
L 1.0467795 0.3499365 1.1491417 0.3499365 0 P 0
L 1.0467795 0.3538735 1.1549723 0.3538735 0 P 0
L 1.0467795 0.3735585 1.1542848 0.3735585 0 P 0
L 1.0476783 0.085399 1.0484871 0.0741715 0 P 0
L 1.0476783 0.085399 1.0505707 0.0964535 0 P 0
L 1.0484871 0.0741715 1.0529529 0.063382 0 P 0
L 1.0505707 0.0964535 1.0570066 0.1067333 0 P 0
L -1.0519369 0.3211209 -1.0221965 0.333336 0 P 0
L 1.0529529 0.063382 1.0608327 0.0536179 0 P 0
L -1.0556611 0.0340324 -1.039871 0.0353438 0 P 0
L -1.0556611 0.051597 -1.0405988 0.0529781 0 P 0
L 1.0566381 0.0923798 1.0582389 0.1030599 0 P 0
L 1.0566381 0.0923798 1.0589426 0.0817643 0 P 0
L 1.0570066 0.1067333 1.0666359 0.1156788 0 P 0
L 1.0570754 0.2436372 1.0964339 0.2436372 0 P 0
L 1.0570754 0.2436372 1.1491417 0.3081027 0 P 0
L 1.0582389 0.1030599 1.0636391 0.113098 0 P 0
L 1.0589426 0.0817643 1.065 0.0719155 0 P 0
L 1.0608327 0.0536179 1.0716976 0.0454105 0 P 0
L 1.0636391 0.113098 1.0641465 0.1137526 0 P 0
L 1.065 0.0719155 1.0744095 0.0634849 0 P 0
L 1.0666359 0.1156788 1.0789345 0.1228032 0 P 0
L 1.0682698 0.1494287 1.0682698 0.171238 0 P 0
L 1.0696515 0.180645 1.0841811 0.180645 0 P 0
L -1.0707235 0.0529781 -1.0556611 0.051597 0 P 0
L -1.0714513 0.0353438 -1.0556611 0.0340324 0 P 0
L 1.0715986 0.1355093 1.0789345 0.1228032 0 P 0
L 1.0716976 0.0454105 1.0849563 0.0392065 0 P 0
L 1.0744095 0.0634849 1.0865487 0.0570301 0 P 0
L -1.0749044 0.2436372 -1.0221965 0.2436372 0 P 0
L -1.0749044 0.2436372 -1.0221965 0.2805436 0 P 0
L 1.0841811 0.1272608 1.0841811 0.180645 0 P 0
L -1.0847895 0.0570301 -1.0707235 0.0529781 0 P 0
L 1.0849563 0.0392065 1.099887 0.0353438 0 P 0
L -1.086382 0.0392065 -1.0714513 0.0353438 0 P 0
L 1.0865487 0.0570301 1.1006148 0.0529781 0 P 0
L -1.0871572 0.1272608 -1.0871572 0.180645 0 P 0
L 1.0964339 0.2436372 1.1491417 0.2436372 0 P 0
L 1.0964339 0.2436372 1.1491417 0.2805436 0 P 0
L -1.0969288 0.0634849 -1.0847895 0.0570301 0 P 0
L -1.0996407 0.0454105 -1.086382 0.0392065 0 P 0
L -1.0997397 0.1355093 -1.0924038 0.1228032 0 P 0
L 1.099887 0.0353438 1.1156772 0.0340324 0 P 0
L 1.1006148 0.0529781 1.1156772 0.051597 0 P 0
L -1.1016868 0.180645 -1.0871572 0.180645 0 P 0
L -1.1030684 0.1494287 -1.1030684 0.171238 0 P 0
L -1.1047023 0.1156788 -1.0924038 0.1228032 0 P 0
L -1.1063383 0.0719155 -1.0969288 0.0634849 0 P 0
L -1.1076992 0.113098 -1.1071918 0.1137526 0 P 0
L -1.1105056 0.0536179 -1.0996407 0.0454105 0 P 0
L -1.1123957 0.0817643 -1.1063383 0.0719155 0 P 0
L -1.1130994 0.1030599 -1.1076992 0.113098 0 P 0
L -1.1142629 0.2436372 -1.0221965 0.3081027 0 P 0
L -1.1142629 0.2436372 -1.0749044 0.2436372 0 P 0
L -1.1143317 0.1067333 -1.1047023 0.1156788 0 P 0
L -1.1147002 0.0923798 -1.1123957 0.0817643 0 P 0
L -1.1147002 0.0923798 -1.1130994 0.1030599 0 P 0
L 1.1156772 0.0340324 1.1314673 0.0353438 0 P 0
L 1.1156772 0.051597 1.1307395 0.0529781 0 P 0
L -1.1183854 0.063382 -1.1105056 0.0536179 0 P 0
L 1.1194014 0.3211209 1.1491417 0.333336 0 P 0
L -1.1207676 0.0964535 -1.1143317 0.1067333 0 P 0
L -1.1228512 0.0741715 -1.1183854 0.063382 0 P 0
L -1.1236599 0.085399 -1.1207676 0.0964535 0 P 0
L -1.1236599 0.085399 -1.1228512 0.0741715 0 P 0
L -1.1245588 0.2436372 -1.1142629 0.2436372 0 P 0
L -1.1245588 0.2436372 -1.1245588 0.2508465 0 P 0
L -1.1245588 0.2508465 -1.0221965 0.3225213 0 P 0
L -1.1245588 0.2508465 -1.1245588 0.2702705 0 P 0
L -1.1245588 0.2702705 -1.0519369 0.3211209 0 P 0
L -1.1245588 0.2702705 -1.1245588 0.3211209 0 P 0
L -1.1245588 0.3211209 -1.0519369 0.3211209 0 P 0
L -1.1245588 0.3211209 -1.1245588 0.3476302 0 P 0
L -1.1245588 0.3476302 -1.0221965 0.3476302 0 P 0
L -1.1245588 0.3476302 -1.1245588 0.3499365 0 P 0
L -1.1245588 0.3499365 -1.0221965 0.3499365 0 P 0
L -1.1245588 0.3499365 -1.1245588 0.3735585 0 P 0
L -1.1245588 0.3538735 -1.016366 0.3538735 0 P 0
L -1.1245588 0.3735585 -1.0170534 0.3735585 0 P 0
L -1.1262664 0.0741715 -1.1254577 0.085399 0 P 0
L -1.12835 0.0964535 -1.1254577 0.085399 0 P 0
L -1.1307322 0.063382 -1.1262664 0.0741715 0 P 0
L 1.1307395 0.0529781 1.1448056 0.0570301 0 P 0
L 1.1314673 0.0353438 1.146398 0.0392065 0 P 0
L -1.134786 0.1067333 -1.12835 0.0964535 0 P 0
L -1.1360182 0.1030599 -1.1344174 0.0923798 0 P 0
L -1.1367219 0.0817643 -1.1344174 0.0923798 0 P 0
L -1.138612 0.0536179 -1.1307322 0.063382 0 P 0
L -1.1414184 0.113098 -1.1360182 0.1030599 0 P 0
L -1.1419258 0.1137526 -1.1414184 0.113098 0 P 0
L -1.1427793 0.0719155 -1.1367219 0.0817643 0 P 0
L -1.1444153 0.1156788 -1.134786 0.1067333 0 P 0
L 1.1448056 0.0570301 1.1569448 0.0634849 0 P 0
L -1.1460492 0.1494287 -1.1030684 0.1494287 0 P 0
L -1.1460492 0.1494287 -1.1460492 0.171238 0 P 0
L -1.1460492 0.171238 -1.1030684 0.171238 0 P 0
L 1.146398 0.0392065 1.1596567 0.0454105 0 P 0
L 1.1471732 0.1272608 1.1471732 0.180645 0 P 0
L 1.1471732 0.180645 1.1617028 0.180645 0 P 0
L 1.1491417 0.2436372 1.1491417 0.2805436 0 P 0
L 1.1491417 0.2805436 1.1491417 0.3081027 0 P 0
L 1.1491417 0.3081027 1.1491417 0.3225213 0 P 0
L 1.1491417 0.3225213 1.1491417 0.333336 0 P 0
L 1.1491417 0.333336 1.1491417 0.3476302 0 P 0
L 1.1491417 0.3341884 1.1556597 0.3341884 0 P 0
L 1.1491417 0.3459995 1.1552472 0.3459995 0 P 0
L 1.1491417 0.3476302 1.1491417 0.3499365 0 P 0
L -1.1493779 0.1355093 -1.0997397 0.1355093 0 P 0
L -1.1494769 0.0454105 -1.138612 0.0536179 0 P 0
L -1.1496095 0.1851575 -1.0995081 0.1851575 0 P 0
L -1.1521888 0.0634849 -1.1427793 0.0719155 0 P 0
L 1.1524198 0.1228032 1.1597557 0.1355093 0 P 0
L 1.1524198 0.1228032 1.1647184 0.1156788 0 P 0
L -1.1525116 0.3066294 -1.1245588 0.3066294 0 P 0
L -1.1527865 0.3145034 -1.1245588 0.3145034 0 P 0
L 1.1542848 0.3735585 1.1563471 0.3145034 0 P 0
L -1.1548488 0.3735585 -1.1527865 0.3145034 0 P 0
L 1.1563471 0.3145034 1.1845748 0.3145034 0 P 0
L 1.1566221 0.3066294 1.1845748 0.3066294 0 P 0
L -1.1567138 0.1228032 -1.1444153 0.1156788 0 P 0
L -1.1567138 0.1228032 -1.1493779 0.1355093 0 P 0
L 1.1569448 0.0634849 1.1663543 0.0719155 0 P 0
L 1.1595241 0.1851575 1.2096255 0.1851575 0 P 0
L 1.1596567 0.0454105 1.1705216 0.0536179 0 P 0
L 1.1597557 0.1355093 1.209394 0.1355093 0 P 0
L -1.1599919 0.2436372 -1.1599919 0.2805436 0 P 0
L -1.1599919 0.2805436 -1.1599919 0.3081027 0 P 0
L -1.1599919 0.3081027 -1.1599919 0.3225213 0 P 0
L -1.1599919 0.3225213 -1.1599919 0.333336 0 P 0
L -1.1599919 0.333336 -1.1599919 0.3476302 0 P 0
L -1.1599919 0.3341884 -1.153474 0.3341884 0 P 0
L -1.1599919 0.3459995 -1.1538864 0.3459995 0 P 0
L -1.1599919 0.3476302 -1.1599919 0.3499365 0 P 0
L -1.1619604 0.1272608 -1.1619604 0.180645 0 P 0
L -1.1619604 0.180645 -1.1474309 0.180645 0 P 0
L -1.1627356 0.0392065 -1.1494769 0.0454105 0 P 0
L 1.1630845 0.1494287 1.1630845 0.171238 0 P 0
L 1.1630845 0.1494287 1.2060652 0.1494287 0 P 0
L 1.1630845 0.171238 1.2060652 0.171238 0 P 0
L -1.1643281 0.0570301 -1.1521888 0.0634849 0 P 0
L 1.1647184 0.1156788 1.1743477 0.1067333 0 P 0
L 1.1663543 0.0719155 1.1724117 0.0817643 0 P 0
L 1.1672078 0.1137526 1.1677152 0.113098 0 P 0
L 1.1677152 0.113098 1.1731154 0.1030599 0 P 0
L 1.1705216 0.0536179 1.1784014 0.063382 0 P 0
L 1.1724117 0.0817643 1.1747162 0.0923798 0 P 0
L 1.1731154 0.1030599 1.1747162 0.0923798 0 P 0
L 1.1743477 0.1067333 1.1807836 0.0964535 0 P 0
L -1.1776663 0.0353438 -1.1627356 0.0392065 0 P 0
L -1.1783941 0.0529781 -1.1643281 0.0570301 0 P 0
L 1.1784014 0.063382 1.1828672 0.0741715 0 P 0
L 1.1807836 0.0964535 1.183676 0.085399 0 P 0
L 1.1828672 0.0741715 1.183676 0.085399 0 P 0
L 1.1845748 0.2436372 1.1845748 0.2508465 0 P 0
L 1.1845748 0.2436372 1.1948708 0.2436372 0 P 0
L 1.1845748 0.2508465 1.1845748 0.2702705 0 P 0
L 1.1845748 0.2508465 1.2869371 0.3225213 0 P 0
L 1.1845748 0.2702705 1.1845748 0.3211209 0 P 0
L 1.1845748 0.2702705 1.2571967 0.3211209 0 P 0
L 1.1845748 0.3211209 1.1845748 0.3476302 0 P 0
L 1.1845748 0.3211209 1.2571967 0.3211209 0 P 0
L 1.1845748 0.3476302 1.1845748 0.3499365 0 P 0
L 1.1845748 0.3476302 1.2869371 0.3476302 0 P 0
L 1.1845748 0.3499365 1.1845748 0.3735585 0 P 0
L 1.1845748 0.3499365 1.2869371 0.3499365 0 P 0
L 1.1845748 0.3538735 1.2927676 0.3538735 0 P 0
L 1.1845748 0.3735585 1.2920802 0.3735585 0 P 0
L 1.1854737 0.085399 1.1862825 0.0741715 0 P 0
L 1.1854737 0.085399 1.188366 0.0964535 0 P 0
L 1.1862825 0.0741715 1.1907483 0.063382 0 P 0
L 1.188366 0.0964535 1.194802 0.1067333 0 P 0
L -1.1897323 0.3211209 -1.1599919 0.333336 0 P 0
L 1.1907483 0.063382 1.1986281 0.0536179 0 P 0
L -1.1934565 0.0340324 -1.1776663 0.0353438 0 P 0
L -1.1934565 0.051597 -1.1783941 0.0529781 0 P 0
L 1.1944335 0.0923798 1.1960342 0.1030599 0 P 0
L 1.1944335 0.0923798 1.196738 0.0817643 0 P 0
L 1.194802 0.1067333 1.2044313 0.1156788 0 P 0
L 1.1948708 0.2436372 1.2342292 0.2436372 0 P 0
L 1.1948708 0.2436372 1.2869371 0.3081027 0 P 0
L 1.1960342 0.1030599 1.2014344 0.113098 0 P 0
L 1.196738 0.0817643 1.2027953 0.0719155 0 P 0
L 1.1986281 0.0536179 1.209493 0.0454105 0 P 0
L 1.2014344 0.113098 1.2019418 0.1137526 0 P 0
L 1.2027953 0.0719155 1.2122048 0.0634849 0 P 0
L 1.2044313 0.1156788 1.2167298 0.1228032 0 P 0
L 1.2060652 0.1494287 1.2060652 0.171238 0 P 0
L 1.2074469 0.180645 1.2219764 0.180645 0 P 0
L -1.2085188 0.0529781 -1.1934565 0.051597 0 P 0
L -1.2092466 0.0353438 -1.1934565 0.0340324 0 P 0
L 1.209394 0.1355093 1.2167298 0.1228032 0 P 0
L 1.209493 0.0454105 1.2227516 0.0392065 0 P 0
L 1.2122048 0.0634849 1.2243441 0.0570301 0 P 0
L -1.2126998 0.2436372 -1.1599919 0.2436372 0 P 0
L -1.2126998 0.2436372 -1.1599919 0.2805436 0 P 0
L 1.2219764 0.1272608 1.2219764 0.180645 0 P 0
L -1.2225849 0.0570301 -1.2085188 0.0529781 0 P 0
L 1.2227516 0.0392065 1.2376823 0.0353438 0 P 0
L -1.2241774 0.0392065 -1.2092466 0.0353438 0 P 0
L 1.2243441 0.0570301 1.2384101 0.0529781 0 P 0
L -1.2249526 0.1272608 -1.2249526 0.180645 0 P 0
L 1.2342292 0.2436372 1.2869371 0.2436372 0 P 0
L 1.2342292 0.2436372 1.2869371 0.2805436 0 P 0
L -1.2347241 0.0634849 -1.2225849 0.0570301 0 P 0
L -1.237436 0.0454105 -1.2241774 0.0392065 0 P 0
L -1.237535 0.1355093 -1.2301991 0.1228032 0 P 0
L 1.2376823 0.0353438 1.2534725 0.0340324 0 P 0
L 1.2384101 0.0529781 1.2534725 0.051597 0 P 0
L -1.2394821 0.180645 -1.2249526 0.180645 0 P 0
L -1.2408638 0.1494287 -1.2408638 0.171238 0 P 0
L -1.2424977 0.1156788 -1.2301991 0.1228032 0 P 0
L -1.2441337 0.0719155 -1.2347241 0.0634849 0 P 0
L -1.2454946 0.113098 -1.2449871 0.1137526 0 P 0
L -1.2483009 0.0536179 -1.237436 0.0454105 0 P 0
L -1.250191 0.0817643 -1.2441337 0.0719155 0 P 0
L -1.2508947 0.1030599 -1.2454946 0.113098 0 P 0
L -1.2520582 0.2436372 -1.1599919 0.3081027 0 P 0
L -1.2520582 0.2436372 -1.2126998 0.2436372 0 P 0
L -1.252127 0.1067333 -1.2424977 0.1156788 0 P 0
L -1.2524955 0.0923798 -1.250191 0.0817643 0 P 0
L -1.2524955 0.0923798 -1.2508947 0.1030599 0 P 0
L 1.2534725 0.0340324 1.2692627 0.0353438 0 P 0
L 1.2534725 0.051597 1.2685349 0.0529781 0 P 0
L -1.2561807 0.063382 -1.2483009 0.0536179 0 P 0
L 1.2571967 0.3211209 1.2869371 0.333336 0 P 0
L -1.258563 0.0964535 -1.252127 0.1067333 0 P 0
L -1.2606465 0.0741715 -1.2561807 0.063382 0 P 0
L -1.2614553 0.085399 -1.258563 0.0964535 0 P 0
L -1.2614553 0.085399 -1.2606465 0.0741715 0 P 0
L -1.2623542 0.2436372 -1.2520582 0.2436372 0 P 0
L -1.2623542 0.2436372 -1.2623542 0.2508465 0 P 0
L -1.2623542 0.2508465 -1.1599919 0.3225213 0 P 0
L -1.2623542 0.2508465 -1.2623542 0.2702705 0 P 0
L -1.2623542 0.2702705 -1.1897323 0.3211209 0 P 0
L -1.2623542 0.2702705 -1.2623542 0.3211209 0 P 0
L -1.2623542 0.3211209 -1.1897323 0.3211209 0 P 0
L -1.2623542 0.3211209 -1.2623542 0.3476302 0 P 0
L -1.2623542 0.3476302 -1.1599919 0.3476302 0 P 0
L -1.2623542 0.3476302 -1.2623542 0.3499365 0 P 0
L -1.2623542 0.3499365 -1.1599919 0.3499365 0 P 0
L -1.2623542 0.3499365 -1.2623542 0.3735585 0 P 0
L -1.2623542 0.3538735 -1.1541614 0.3538735 0 P 0
L -1.2623542 0.3735585 -1.1548488 0.3735585 0 P 0
L -1.2640618 0.0741715 -1.263253 0.085399 0 P 0
L -1.2661453 0.0964535 -1.263253 0.085399 0 P 0
L -1.2685276 0.063382 -1.2640618 0.0741715 0 P 0
L 1.2685349 0.0529781 1.2826009 0.0570301 0 P 0
L 1.2692627 0.0353438 1.2841934 0.0392065 0 P 0
L -1.2725813 0.1067333 -1.2661453 0.0964535 0 P 0
L -1.2738136 0.1030599 -1.2722128 0.0923798 0 P 0
L -1.2745173 0.0817643 -1.2722128 0.0923798 0 P 0
L -1.2764074 0.0536179 -1.2685276 0.063382 0 P 0
L -1.2792137 0.113098 -1.2738136 0.1030599 0 P 0
L -1.2797212 0.1137526 -1.2792137 0.113098 0 P 0
L -1.2805746 0.0719155 -1.2745173 0.0817643 0 P 0
L -1.2822106 0.1156788 -1.2725813 0.1067333 0 P 0
L 1.2826009 0.0570301 1.2947402 0.0634849 0 P 0
L -1.2838445 0.1494287 -1.2408638 0.1494287 0 P 0
L -1.2838445 0.1494287 -1.2838445 0.171238 0 P 0
L -1.2838445 0.171238 -1.2408638 0.171238 0 P 0
L 1.2841934 0.0392065 1.297452 0.0454105 0 P 0
L 1.2849686 0.1272608 1.2849686 0.180645 0 P 0
L 1.2849686 0.180645 1.2994981 0.180645 0 P 0
L 1.2869371 0.2436372 1.2869371 0.2805436 0 P 0
L 1.2869371 0.2805436 1.2869371 0.3081027 0 P 0
L 1.2869371 0.3081027 1.2869371 0.3225213 0 P 0
L 1.2869371 0.3225213 1.2869371 0.333336 0 P 0
L 1.2869371 0.333336 1.2869371 0.3476302 0 P 0
L 1.2869371 0.3341884 1.293455 0.3341884 0 P 0
L 1.2869371 0.3459995 1.2930426 0.3459995 0 P 0
L 1.2869371 0.3476302 1.2869371 0.3499365 0 P 0
L -1.2871733 0.1355093 -1.237535 0.1355093 0 P 0
L -1.2872723 0.0454105 -1.2764074 0.0536179 0 P 0
L -1.2874049 0.1851575 -1.2373034 0.1851575 0 P 0
L -1.2899842 0.0634849 -1.2805746 0.0719155 0 P 0
L 1.2902152 0.1228032 1.297551 0.1355093 0 P 0
L 1.2902152 0.1228032 1.3025137 0.1156788 0 P 0
L -1.2903069 0.3066294 -1.2623542 0.3066294 0 P 0
L -1.2905819 0.3145034 -1.2623542 0.3145034 0 P 0
L 1.2920802 0.3735585 1.2941424 0.3145034 0 P 0
L -1.2926441 0.3735585 -1.2905819 0.3145034 0 P 0
L 1.2941424 0.3145034 1.3223702 0.3145034 0 P 0
L 1.2944174 0.3066294 1.3223702 0.3066294 0 P 0
L -1.2945092 0.1228032 -1.2822106 0.1156788 0 P 0
L -1.2945092 0.1228032 -1.2871733 0.1355093 0 P 0
L 1.2947402 0.0634849 1.3041497 0.0719155 0 P 0
L 1.2973195 0.1851575 1.3474209 0.1851575 0 P 0
L 1.297452 0.0454105 1.3083169 0.0536179 0 P 0
L 1.297551 0.1355093 1.3471893 0.1355093 0 P 0
L -1.2977872 0.2436372 -1.2977872 0.2805436 0 P 0
L -1.2977872 0.2805436 -1.2977872 0.3081027 0 P 0
L -1.2977872 0.3081027 -1.2977872 0.3225213 0 P 0
L -1.2977872 0.3225213 -1.2977872 0.333336 0 P 0
L -1.2977872 0.333336 -1.2977872 0.3476302 0 P 0
L -1.2977872 0.3341884 -1.2912693 0.3341884 0 P 0
L -1.2977872 0.3459995 -1.2916818 0.3459995 0 P 0
L -1.2977872 0.3476302 -1.2977872 0.3499365 0 P 0
L -1.2997557 0.1272608 -1.2997557 0.180645 0 P 0
L -1.2997557 0.180645 -1.2852262 0.180645 0 P 0
L -1.3005309 0.0392065 -1.2872723 0.0454105 0 P 0
L 1.3008798 0.1494287 1.3008798 0.171238 0 P 0
L 1.3008798 0.1494287 1.3438605 0.1494287 0 P 0
L 1.3008798 0.171238 1.3438605 0.171238 0 P 0
L -1.3021234 0.0570301 -1.2899842 0.0634849 0 P 0
L 1.3025137 0.1156788 1.312143 0.1067333 0 P 0
L 1.3041497 0.0719155 1.310207 0.0817643 0 P 0
L 1.3050032 0.1137526 1.3055106 0.113098 0 P 0
L 1.3055106 0.113098 1.3109108 0.1030599 0 P 0
L 1.3083169 0.0536179 1.3161967 0.063382 0 P 0
L 1.310207 0.0817643 1.3125115 0.0923798 0 P 0
L 1.3109108 0.1030599 1.3125115 0.0923798 0 P 0
L 1.312143 0.1067333 1.318579 0.0964535 0 P 0
L -1.3154617 0.0353438 -1.3005309 0.0392065 0 P 0
L -1.3161895 0.0529781 -1.3021234 0.0570301 0 P 0
L 1.3161967 0.063382 1.3206625 0.0741715 0 P 0
L 1.318579 0.0964535 1.3214713 0.085399 0 P 0
L 1.3206625 0.0741715 1.3214713 0.085399 0 P 0
L 1.3223702 0.2436372 1.3223702 0.2508465 0 P 0
L 1.3223702 0.2436372 1.3326661 0.2436372 0 P 0
L 1.3223702 0.2508465 1.3223702 0.2702705 0 P 0
L 1.3223702 0.2508465 1.4247324 0.3225213 0 P 0
L 1.3223702 0.2702705 1.3223702 0.3211209 0 P 0
L 1.3223702 0.2702705 1.3949921 0.3211209 0 P 0
L 1.3223702 0.3211209 1.3223702 0.3476302 0 P 0
L 1.3223702 0.3211209 1.3949921 0.3211209 0 P 0
L 1.3223702 0.3476302 1.3223702 0.3499365 0 P 0
L 1.3223702 0.3476302 1.4247324 0.3476302 0 P 0
L 1.3223702 0.3499365 1.3223702 0.3735585 0 P 0
L 1.3223702 0.3499365 1.4247324 0.3499365 0 P 0
L 1.3223702 0.3538735 1.430563 0.3538735 0 P 0
L 1.3223702 0.3735585 1.4298755 0.3735585 0 P 0
L 1.323269 0.085399 1.3240778 0.0741715 0 P 0
L 1.323269 0.085399 1.3261614 0.0964535 0 P 0
L 1.3240778 0.0741715 1.3285436 0.063382 0 P 0
L 1.3261614 0.0964535 1.3325973 0.1067333 0 P 0
L -1.3275276 0.3211209 -1.2977872 0.333336 0 P 0
L 1.3285436 0.063382 1.3364234 0.0536179 0 P 0
L -1.3312518 0.0340324 -1.3154617 0.0353438 0 P 0
L -1.3312518 0.051597 -1.3161895 0.0529781 0 P 0
L 1.3322288 0.0923798 1.3338296 0.1030599 0 P 0
L 1.3322288 0.0923798 1.3345333 0.0817643 0 P 0
L 1.3325973 0.1067333 1.3422266 0.1156788 0 P 0
L 1.3326661 0.2436372 1.3720246 0.2436372 0 P 0
L 1.3326661 0.2436372 1.4247324 0.3081027 0 P 0
L 1.3338296 0.1030599 1.3392298 0.113098 0 P 0
L 1.3345333 0.0817643 1.3405907 0.0719155 0 P 0
L 1.3364234 0.0536179 1.3472883 0.0454105 0 P 0
L 1.3392298 0.113098 1.3397372 0.1137526 0 P 0
L 1.3405907 0.0719155 1.3500002 0.0634849 0 P 0
L 1.3422266 0.1156788 1.3545252 0.1228032 0 P 0
L 1.3438605 0.1494287 1.3438605 0.171238 0 P 0
L 1.3452422 0.180645 1.3597718 0.180645 0 P 0
L -1.3463142 0.0529781 -1.3312518 0.051597 0 P 0
L -1.347042 0.0353438 -1.3312518 0.0340324 0 P 0
L 1.3471893 0.1355093 1.3545252 0.1228032 0 P 0
L 1.3472883 0.0454105 1.360547 0.0392065 0 P 0
L 1.3500002 0.0634849 1.3621394 0.0570301 0 P 0
L -1.3504951 0.2436372 -1.2977872 0.2436372 0 P 0
L -1.3504951 0.2436372 -1.2977872 0.2805436 0 P 0
L 1.3597718 0.1272608 1.3597718 0.180645 0 P 0
L -1.3603802 0.0570301 -1.3463142 0.0529781 0 P 0
L 1.360547 0.0392065 1.3754777 0.0353438 0 P 0
L -1.3619727 0.0392065 -1.347042 0.0353438 0 P 0
L 1.3621394 0.0570301 1.3762055 0.0529781 0 P 0
L -1.3627479 0.1272608 -1.3627479 0.180645 0 P 0
L 1.3720246 0.2436372 1.4247324 0.2436372 0 P 0
L 1.3720246 0.2436372 1.4247324 0.2805436 0 P 0
L -1.3725195 0.0634849 -1.3603802 0.0570301 0 P 0
L -1.3752314 0.0454105 -1.3619727 0.0392065 0 P 0
L -1.3753304 0.1355093 -1.3679945 0.1228032 0 P 0
L 1.3754777 0.0353438 1.3912679 0.0340324 0 P 0
L 1.3762055 0.0529781 1.3912679 0.051597 0 P 0
L -1.3772775 0.180645 -1.3627479 0.180645 0 P 0
L -1.3786591 0.1494287 -1.3786591 0.171238 0 P 0
L -1.380293 0.1156788 -1.3679945 0.1228032 0 P 0
L -1.381929 0.0719155 -1.3725195 0.0634849 0 P 0
L -1.3832899 0.113098 -1.3827825 0.1137526 0 P 0
L -1.3860963 0.0536179 -1.3752314 0.0454105 0 P 0
L -1.3879864 0.0817643 -1.381929 0.0719155 0 P 0
L -1.3886901 0.1030599 -1.3832899 0.113098 0 P 0
L -1.3898536 0.2436372 -1.2977872 0.3081027 0 P 0
L -1.3898536 0.2436372 -1.3504951 0.2436372 0 P 0
L -1.3899224 0.1067333 -1.380293 0.1156788 0 P 0
L -1.3902909 0.0923798 -1.3879864 0.0817643 0 P 0
L -1.3902909 0.0923798 -1.3886901 0.1030599 0 P 0
L 1.3912679 0.0340324 1.407058 0.0353438 0 P 0
L 1.3912679 0.051597 1.4063302 0.0529781 0 P 0
L -1.3939761 0.063382 -1.3860963 0.0536179 0 P 0
L 1.3949921 0.3211209 1.4247324 0.333336 0 P 0
L -1.3963583 0.0964535 -1.3899224 0.1067333 0 P 0
L -1.3984419 0.0741715 -1.3939761 0.063382 0 P 0
L -1.3992506 0.085399 -1.3963583 0.0964535 0 P 0
L -1.3992506 0.085399 -1.3984419 0.0741715 0 P 0
L -1.4001495 0.2436372 -1.3898536 0.2436372 0 P 0
L -1.4001495 0.2436372 -1.4001495 0.2508465 0 P 0
L -1.4001495 0.2508465 -1.2977872 0.3225213 0 P 0
L -1.4001495 0.2508465 -1.4001495 0.2702705 0 P 0
L -1.4001495 0.2702705 -1.3275276 0.3211209 0 P 0
L -1.4001495 0.2702705 -1.4001495 0.3211209 0 P 0
L -1.4001495 0.3211209 -1.3275276 0.3211209 0 P 0
L -1.4001495 0.3211209 -1.4001495 0.3476302 0 P 0
L -1.4001495 0.3476302 -1.2977872 0.3476302 0 P 0
L -1.4001495 0.3476302 -1.4001495 0.3499365 0 P 0
L -1.4001495 0.3499365 -1.2977872 0.3499365 0 P 0
L -1.4001495 0.3499365 -1.4001495 0.3735585 0 P 0
L -1.4001495 0.3538735 -1.2919567 0.3538735 0 P 0
L -1.4001495 0.3735585 -1.2926441 0.3735585 0 P 0
L -1.4018571 0.0741715 -1.4010484 0.085399 0 P 0
L -1.4039407 0.0964535 -1.4010484 0.085399 0 P 0
L -1.4063229 0.063382 -1.4018571 0.0741715 0 P 0
L 1.4063302 0.0529781 1.4203963 0.0570301 0 P 0
L 1.407058 0.0353438 1.4219887 0.0392065 0 P 0
L -1.4103767 0.1067333 -1.4039407 0.0964535 0 P 0
L -1.4116089 0.1030599 -1.4100081 0.0923798 0 P 0
L -1.4123126 0.0817643 -1.4100081 0.0923798 0 P 0
L -1.4142027 0.0536179 -1.4063229 0.063382 0 P 0
L -1.4170091 0.113098 -1.4116089 0.1030599 0 P 0
L -1.4175165 0.1137526 -1.4170091 0.113098 0 P 0
L -1.41837 0.0719155 -1.4123126 0.0817643 0 P 0
L -1.420006 0.1156788 -1.4103767 0.1067333 0 P 0
L 1.4203963 0.0570301 1.4325355 0.0634849 0 P 0
L -1.4216399 0.1494287 -1.3786591 0.1494287 0 P 0
L -1.4216399 0.1494287 -1.4216399 0.171238 0 P 0
L -1.4216399 0.171238 -1.3786591 0.171238 0 P 0
L 1.4219887 0.0392065 1.4352474 0.0454105 0 P 0
L 1.4227639 0.1272608 1.4227639 0.180645 0 P 0
L 1.4227639 0.180645 1.4372935 0.180645 0 P 0
L 1.4247324 0.2436372 1.4247324 0.2805436 0 P 0
L 1.4247324 0.2805436 1.4247324 0.3081027 0 P 0
L 1.4247324 0.3081027 1.4247324 0.3225213 0 P 0
L 1.4247324 0.3225213 1.4247324 0.333336 0 P 0
L 1.4247324 0.333336 1.4247324 0.3476302 0 P 0
L 1.4247324 0.3341884 1.4312504 0.3341884 0 P 0
L 1.4247324 0.3459995 1.4308379 0.3459995 0 P 0
L 1.4247324 0.3476302 1.4247324 0.3499365 0 P 0
L -1.4249686 0.1355093 -1.3753304 0.1355093 0 P 0
L -1.4250676 0.0454105 -1.4142027 0.0536179 0 P 0
L -1.4252002 0.1851575 -1.3750988 0.1851575 0 P 0
L -1.4277795 0.0634849 -1.41837 0.0719155 0 P 0
L 1.4280105 0.1228032 1.4353464 0.1355093 0 P 0
L 1.4280105 0.1228032 1.4403091 0.1156788 0 P 0
L -1.4281023 0.3066294 -1.4001495 0.3066294 0 P 0
L -1.4283772 0.3145034 -1.4001495 0.3145034 0 P 0
L 1.4298755 0.3735585 1.4319378 0.3145034 0 P 0
L -1.4304395 0.3735585 -1.4283772 0.3145034 0 P 0
L 1.4319378 0.3145034 1.4601655 0.3145034 0 P 0
L 1.4322128 0.3066294 1.4601655 0.3066294 0 P 0
L -1.4323045 0.1228032 -1.420006 0.1156788 0 P 0
L -1.4323045 0.1228032 -1.4249686 0.1355093 0 P 0
L 1.4325355 0.0634849 1.441945 0.0719155 0 P 0
L 1.4351148 0.1851575 1.4852162 0.1851575 0 P 0
L 1.4352474 0.0454105 1.4461123 0.0536179 0 P 0
L 1.4353464 0.1355093 1.4849847 0.1355093 0 P 0
L -1.4355826 0.2436372 -1.4355826 0.2805436 0 P 0
L -1.4355826 0.2805436 -1.4355826 0.3081027 0 P 0
L -1.4355826 0.3081027 -1.4355826 0.3225213 0 P 0
L -1.4355826 0.3225213 -1.4355826 0.333336 0 P 0
L -1.4355826 0.333336 -1.4355826 0.3476302 0 P 0
L -1.4355826 0.3341884 -1.4290647 0.3341884 0 P 0
L -1.4355826 0.3459995 -1.4294771 0.3459995 0 P 0
L -1.4355826 0.3476302 -1.4355826 0.3499365 0 P 0
L -1.4375511 0.1272608 -1.4375511 0.180645 0 P 0
L -1.4375511 0.180645 -1.4230216 0.180645 0 P 0
L -1.4383263 0.0392065 -1.4250676 0.0454105 0 P 0
L 1.4386752 0.1494287 1.4386752 0.171238 0 P 0
L 1.4386752 0.1494287 1.4816559 0.1494287 0 P 0
L 1.4386752 0.171238 1.4816559 0.171238 0 P 0
L -1.4399188 0.0570301 -1.4277795 0.0634849 0 P 0
L 1.4403091 0.1156788 1.4499384 0.1067333 0 P 0
L 1.441945 0.0719155 1.4480024 0.0817643 0 P 0
L 1.4427985 0.1137526 1.4433059 0.113098 0 P 0
L 1.4433059 0.113098 1.4487061 0.1030599 0 P 0
L 1.4461123 0.0536179 1.4539921 0.063382 0 P 0
L 1.4480024 0.0817643 1.4503069 0.0923798 0 P 0
L 1.4487061 0.1030599 1.4503069 0.0923798 0 P 0
L 1.4499384 0.1067333 1.4563743 0.0964535 0 P 0
L -1.453257 0.0353438 -1.4383263 0.0392065 0 P 0
L -1.4539848 0.0529781 -1.4399188 0.0570301 0 P 0
L 1.4539921 0.063382 1.4584579 0.0741715 0 P 0
L 1.4563743 0.0964535 1.4592667 0.085399 0 P 0
L 1.4584579 0.0741715 1.4592667 0.085399 0 P 0
L 1.4601655 0.2436372 1.4601655 0.2508465 0 P 0
L 1.4601655 0.2436372 1.4704615 0.2436372 0 P 0
L 1.4601655 0.2508465 1.4601655 0.2702705 0 P 0
L 1.4601655 0.2508465 1.5625278 0.3225213 0 P 0
L 1.4601655 0.2702705 1.4601655 0.3211209 0 P 0
L 1.4601655 0.2702705 1.5327874 0.3211209 0 P 0
L 1.4601655 0.3211209 1.4601655 0.3476302 0 P 0
L 1.4601655 0.3211209 1.5327874 0.3211209 0 P 0
L 1.4601655 0.3476302 1.4601655 0.3499365 0 P 0
L 1.4601655 0.3476302 1.5625278 0.3476302 0 P 0
L 1.4601655 0.3499365 1.4601655 0.3735585 0 P 0
L 1.4601655 0.3499365 1.5625278 0.3499365 0 P 0
L 1.4601655 0.3538735 1.5683583 0.3538735 0 P 0
L 1.4601655 0.3735585 1.5676709 0.3735585 0 P 0
L 1.4610644 0.085399 1.4618732 0.0741715 0 P 0
L 1.4610644 0.085399 1.4639567 0.0964535 0 P 0
L 1.4618732 0.0741715 1.466339 0.063382 0 P 0
L 1.4639567 0.0964535 1.4703927 0.1067333 0 P 0
L -1.465323 0.3211209 -1.4355826 0.333336 0 P 0
L 1.466339 0.063382 1.4742188 0.0536179 0 P 0
L -1.4690472 0.0340324 -1.453257 0.0353438 0 P 0
L -1.4690472 0.051597 -1.4539848 0.0529781 0 P 0
L 1.4700242 0.0923798 1.4716249 0.1030599 0 P 0
L 1.4700242 0.0923798 1.4723287 0.0817643 0 P 0
L 1.4703927 0.1067333 1.480022 0.1156788 0 P 0
L 1.4704615 0.2436372 1.5098199 0.2436372 0 P 0
L 1.4704615 0.2436372 1.5625278 0.3081027 0 P 0
L 1.4716249 0.1030599 1.4770251 0.113098 0 P 0
L 1.4723287 0.0817643 1.478386 0.0719155 0 P 0
L 1.4742188 0.0536179 1.4850837 0.0454105 0 P 0
L 1.4770251 0.113098 1.4775325 0.1137526 0 P 0
L 1.478386 0.0719155 1.4877955 0.0634849 0 P 0
L 1.480022 0.1156788 1.4923205 0.1228032 0 P 0
L 1.4816559 0.1494287 1.4816559 0.171238 0 P 0
L 1.4830376 0.180645 1.4975671 0.180645 0 P 0
L -1.4841095 0.0529781 -1.4690472 0.051597 0 P 0
L -1.4848373 0.0353438 -1.4690472 0.0340324 0 P 0
L 1.4849847 0.1355093 1.4923205 0.1228032 0 P 0
L 1.4850837 0.0454105 1.4983423 0.0392065 0 P 0
L 1.4877955 0.0634849 1.4999348 0.0570301 0 P 0
L -1.4882905 0.2436372 -1.4355826 0.2436372 0 P 0
L -1.4882905 0.2436372 -1.4355826 0.2805436 0 P 0
L 1.4975671 0.1272608 1.4975671 0.180645 0 P 0
L -1.4981756 0.0570301 -1.4841095 0.0529781 0 P 0
L 1.4983423 0.0392065 1.513273 0.0353438 0 P 0
L -1.4997681 0.0392065 -1.4848373 0.0353438 0 P 0
L 1.4999348 0.0570301 1.5140008 0.0529781 0 P 0
L -1.5005433 0.1272608 -1.5005433 0.180645 0 P 0
L 1.5098199 0.2436372 1.5625278 0.2436372 0 P 0
L 1.5098199 0.2436372 1.5625278 0.2805436 0 P 0
L -1.5103148 0.0634849 -1.4981756 0.0570301 0 P 0
L -1.5130267 0.0454105 -1.4997681 0.0392065 0 P 0
L -1.5131257 0.1355093 -1.5057898 0.1228032 0 P 0
L 1.513273 0.0353438 1.5290632 0.0340324 0 P 0
L 1.5140008 0.0529781 1.5290632 0.051597 0 P 0
L -1.5150728 0.180645 -1.5005433 0.180645 0 P 0
L -1.5164545 0.1494287 -1.5164545 0.171238 0 P 0
L -1.5180884 0.1156788 -1.5057898 0.1228032 0 P 0
L -1.5197244 0.0719155 -1.5103148 0.0634849 0 P 0
L -1.5210853 0.113098 -1.5205778 0.1137526 0 P 0
L -1.5238916 0.0536179 -1.5130267 0.0454105 0 P 0
L -1.5257817 0.0817643 -1.5197244 0.0719155 0 P 0
L -1.5264854 0.1030599 -1.5210853 0.113098 0 P 0
L -1.5276489 0.2436372 -1.4355826 0.3081027 0 P 0
L -1.5276489 0.2436372 -1.4882905 0.2436372 0 P 0
L -1.5277177 0.1067333 -1.5180884 0.1156788 0 P 0
L -1.5280862 0.0923798 -1.5257817 0.0817643 0 P 0
L -1.5280862 0.0923798 -1.5264854 0.1030599 0 P 0
L 1.5290632 0.0340324 1.5448534 0.0353438 0 P 0
L 1.5290632 0.051597 1.5441256 0.0529781 0 P 0
L -1.5317714 0.063382 -1.5238916 0.0536179 0 P 0
L 1.5327874 0.3211209 1.5625278 0.333336 0 P 0
L -1.5341537 0.0964535 -1.5277177 0.1067333 0 P 0
L -1.5362372 0.0741715 -1.5317714 0.063382 0 P 0
L -1.537046 0.085399 -1.5341537 0.0964535 0 P 0
L -1.537046 0.085399 -1.5362372 0.0741715 0 P 0
L -1.5379449 0.171238 -1.5164545 0.171238 0 P 0
L -1.5379449 0.171238 -1.5379449 0.2436372 0 P 0
L -1.5379449 0.1851575 -1.5128941 0.1851575 0 P 0
L -1.5379449 0.2200151 -0.4355821 0.2200151 0 P 0
L -1.5379449 0.2318262 -0.4355821 0.2318262 0 P 0
L -1.5379449 0.2436372 -1.5276489 0.2436372 0 P 0
L -1.5379449 0.2436372 -1.5379449 0.2508465 0 P 0
L -1.5379449 0.2508465 -1.4355826 0.3225213 0 P 0
L -1.5379449 0.2508465 -1.5379449 0.2702705 0 P 0
L -1.5379449 0.2702705 -1.465323 0.3211209 0 P 0
L -1.5379449 0.2702705 -1.5379449 0.3211209 0 P 0
L -1.5379449 0.3211209 -1.465323 0.3211209 0 P 0
L -1.5379449 0.3211209 -1.5379449 0.3476302 0 P 0
L -1.5379449 0.3476302 -1.4355826 0.3476302 0 P 0
L -1.5379449 0.3476302 -1.5379449 0.3499365 0 P 0
L -1.5379449 0.3499365 -1.4355826 0.3499365 0 P 0
L -1.5379449 0.3499365 -1.5379449 0.3735585 0 P 0
L -1.5379449 0.3538735 -1.4297521 0.3538735 0 P 0
L -1.5379449 0.3735585 -1.4304395 0.3735585 0 P 0
L 1.5441256 0.0529781 1.5581916 0.0570301 0 P 0
L 1.5448534 0.0353438 1.5597841 0.0392065 0 P 0
L -1.5536929 0.2515112 -1.5379449 0.2515112 0 P 0
L -1.5536929 0.2515112 -1.5536929 0.3066294 0 P 0
L -1.5536929 0.3066294 -1.5379449 0.3066294 0 P 0
L 1.5581916 0.0570301 1.5703309 0.0634849 0 P 0
L 1.5597841 0.0392065 1.5730427 0.0454105 0 P 0
L 1.5605593 0.1272608 1.5605593 0.180645 0 P 0
L 1.5605593 0.180645 1.5750888 0.180645 0 P 0
L 1.5625278 0.2436372 1.5625278 0.2805436 0 P 0
L 1.5625278 0.2805436 1.5625278 0.3081027 0 P 0
L 1.5625278 0.3081027 1.5625278 0.3225213 0 P 0
L 1.5625278 0.3225213 1.5625278 0.333336 0 P 0
L 1.5625278 0.333336 1.5625278 0.3476302 0 P 0
L 1.5625278 0.3341884 1.5690457 0.3341884 0 P 0
L 1.5625278 0.3459995 1.5686333 0.3459995 0 P 0
L 1.5625278 0.3476302 1.5625278 0.3499365 0 P 0
L 1.5658059 0.1228032 1.5731417 0.1355093 0 P 0
L 1.5658059 0.1228032 1.5781044 0.1156788 0 P 0
L 1.5676709 0.3735585 1.5697331 0.3145034 0 P 0
L 1.5697331 0.3145034 1.5979609 0.3145034 0 P 0
L 1.5700081 0.3066294 1.5979609 0.3066294 0 P 0
L 1.5703309 0.0634849 1.5797404 0.0719155 0 P 0
L 1.5729102 0.1851575 1.5979609 0.1851575 0 P 0
L 1.5730427 0.0454105 1.5839076 0.0536179 0 P 0
L 1.5731417 0.1355093 1.5979609 0.1355093 0 P 0
L 1.5764705 0.1494287 1.5764705 0.171238 0 P 0
L 1.5764705 0.1494287 1.5979609 0.1494287 0 P 0
L 1.5764705 0.171238 1.5979609 0.171238 0 P 0
L 1.5781044 0.1156788 1.5877337 0.1067333 0 P 0
L 1.5797404 0.0719155 1.5857977 0.0817643 0 P 0
L 1.5805939 0.1137526 1.5811013 0.113098 0 P 0
L 1.5811013 0.113098 1.5865015 0.1030599 0 P 0
L 1.5839076 0.0536179 1.5917874 0.063382 0 P 0
L 1.5857977 0.0817643 1.5881022 0.0923798 0 P 0
L 1.5865015 0.1030599 1.5881022 0.0923798 0 P 0
L 1.5877337 0.1067333 1.5941697 0.0964535 0 P 0
L 1.5917874 0.063382 1.5962532 0.0741715 0 P 0
L 1.5941697 0.0964535 1.597062 0.085399 0 P 0
L 1.5962532 0.0741715 1.597062 0.085399 0 P 0
L -1.597 -0.0379989 -0.4355821 -0.0379989 0 P 0
L -1.597 -0.0379989 -1.597 0.1355093 0 P 0
L -1.597 -0.0437645 -0.4355821 -0.0437645 0 P 0
L -1.597 -0.0437645 -1.597 -0.0379989 0 P 0
L -1.597 0.1355093 -1.5131257 0.1355093 0 P 0
L -1.597 0.1355093 -1.597 0.1494287 0 P 0
L -1.597 0.1494287 -1.5164545 0.1494287 0 P 0
L -1.597 0.1494287 -1.597 0.3805021 0 P 0
L -1.597 0.3805021 -0.4355821 0.3805021 0 P 0
L -1.597 0.3805021 -1.597 0.399 0 P 0
L -1.597 0.399 -0.4355821 0.399 0 P 0
L -1.597 0.399 -1.597 0.4274895 0 P 0
L -1.597 0.4274895 -0.4355821 0.4274895 0 P 0
L -1.597 0.4274895 -1.597 0.4286767 0 P 0
L -1.597 0.4286767 -0.4355821 0.4286767 0 P 0
L 1.5979609 -0.0379989 1.5979609 0.1355093 0 P 0
L 1.5979609 -0.0437645 1.5979609 -0.0379989 0 P 0
L 1.5979609 0.1355093 1.5979609 0.1494287 0 P 0
L 1.5979609 0.1494287 1.5979609 0.171238 0 P 0
L 1.5979609 0.171238 1.5979609 0.1851575 0 P 0
L 1.5979609 0.1851575 1.5979609 0.2200151 0 P 0
L 1.5979609 0.2200151 1.5979609 0.2318262 0 P 0
L 1.5979609 0.2318262 1.5979609 0.3066294 0 P 0
L 1.5979609 0.3066294 1.5979609 0.3145034 0 P 0
L 1.5979609 0.3145034 1.5979609 0.3805021 0 P 0
L 1.5979609 0.3805021 1.5979609 0.399 0 P 0
L 1.5979609 0.399 1.5979609 0.4274895 0 P 0
L 1.5979609 0.4274895 1.5979609 0.4286767 0 P 0
