#Layer_Color=9474304
#
#Feature symbol names
#
$0 r5

#
#Feature attribute names
#

#
#Layer features
#
L 0.1230099 2.754985 0.1510099 2.754985 0 P 0
L 0.1230099 3.5108905 0.1510099 3.5108905 0 P 0
L 0.12301 0.2038041 0.15101 0.2038041 0 P 0
L 0.124014 0.4826387 0.136014 0.4826387 0 P 0
L 0.124014 0.7326387 0.136014 0.7326387 0 P 0
L 0.124014 0.9826387 0.136014 0.9826387 0 P 0
L 0.124014 1.2326387 0.136014 1.2326387 0 P 0
L 0.124014 1.4826387 0.136014 1.4826387 0 P 0
L 0.124014 1.7326387 0.136014 1.7326387 0 P 0
L 0.124014 1.9826387 0.136014 1.9826387 0 P 0
L 0.124014 2.2326387 0.136014 2.2326387 0 P 0
L 0.124014 2.4826387 0.136014 2.4826387 0 P 0
L 0.124014 3.2326387 0.136014 3.2326387 0 P 0
L 0.130014 0.4766387 0.130014 0.4886387 0 P 0
L 0.130014 0.7266387 0.130014 0.7386387 0 P 0
L 0.130014 0.9766387 0.130014 0.9886387 0 P 0
L 0.130014 1.2266387 0.130014 1.2386387 0 P 0
L 0.130014 1.4766387 0.130014 1.4886387 0 P 0
L 0.130014 1.7266387 0.130014 1.7386387 0 P 0
L 0.130014 1.9766387 0.130014 1.9886387 0 P 0
L 0.130014 2.2266387 0.130014 2.2386387 0 P 0
L 0.130014 2.4766387 0.130014 2.4886387 0 P 0
L 0.130014 3.2266387 0.130014 3.2386387 0 P 0
L 0.1370099 2.740985 0.1370099 2.768985 0 P 0
L 0.1370099 3.4968905 0.1370099 3.5248905 0 P 0
L 0.13701 0.1898041 0.13701 0.2178041 0 P 0
L 0.2181944 3.1766619 0.2301944 3.1766619 0 P 0
L 0.2241944 3.1706619 0.2241944 3.1826619 0 P 0
L 0.285 2.75 0.315 2.75 0 P 0
L 0.3 2.735 0.3 2.765 0 P 0
L 0.374014 0.4826387 0.386014 0.4826387 0 P 0
L 0.374014 0.7326387 0.386014 0.7326387 0 P 0
L 0.374014 0.9826387 0.386014 0.9826387 0 P 0
L 0.374014 1.2326387 0.386014 1.2326387 0 P 0
L 0.374014 1.4826387 0.386014 1.4826387 0 P 0
L 0.374014 1.7326387 0.386014 1.7326387 0 P 0
L 0.374014 1.9826387 0.386014 1.9826387 0 P 0
L 0.374014 2.2326387 0.386014 2.2326387 0 P 0
L 0.374014 2.9826387 0.386014 2.9826387 0 P 0
L 0.374014 3.7326387 0.386014 3.7326387 0 P 0
L 0.380014 0.4766387 0.380014 0.4886387 0 P 0
L 0.380014 0.7266387 0.380014 0.7386387 0 P 0
L 0.380014 0.9766387 0.380014 0.9886387 0 P 0
L 0.380014 1.2266387 0.380014 1.2386387 0 P 0
L 0.380014 1.4766387 0.380014 1.4886387 0 P 0
L 0.380014 1.7266387 0.380014 1.7386387 0 P 0
L 0.380014 1.9766387 0.380014 1.9886387 0 P 0
L 0.380014 2.2266387 0.380014 2.2386387 0 P 0
L 0.380014 2.9766387 0.380014 2.9886387 0 P 0
L 0.380014 3.7266387 0.380014 3.7386387 0 P 0
L 0.3856944 3.1166619 0.3966944 3.1166619 0 P 0
L 0.3911944 3.1111619 0.3911944 3.1221619 0 P 0
L 0.4008235 2.5300002 0.4288235 2.5300002 0 P 0
L 0.4121944 3.75 0.4401944 3.75 0 P 0
L 0.4148235 2.5160002 0.4148235 2.5440002 0 P 0
L 0.4261944 3.736 0.4261944 3.764 0 P 0
L 0.472691 2.53 0.500691 2.53 0 P 0
L 0.486691 2.516 0.486691 2.544 0 P 0
L 0.535 3.45 0.565 3.45 0 P 0
L 0.5364768 3.330015 0.5664768 3.330015 0 P 0
L 0.55 3.435 0.55 3.465 0 P 0
L 0.5514768 3.315015 0.5514768 3.345015 0 P 0
L 0.5708243 2.1166619 0.6495645 2.1166619 0 P 0
L 0.6101944 2.0772918 0.6101944 2.156032 0 P 0
L 0.624014 0.4826387 0.636014 0.4826387 0 P 0
L 0.624014 0.7326387 0.636014 0.7326387 0 P 0
L 0.624014 0.9826387 0.636014 0.9826387 0 P 0
L 0.624014 1.2326387 0.636014 1.2326387 0 P 0
L 0.624014 1.4826387 0.636014 1.4826387 0 P 0
L 0.624014 1.7326387 0.636014 1.7326387 0 P 0
L 0.624014 1.9826387 0.636014 1.9826387 0 P 0
L 0.624014 2.2326387 0.636014 2.2326387 0 P 0
L 0.624014 2.4826387 0.636014 2.4826387 0 P 0
L 0.630014 0.4766387 0.630014 0.4886387 0 P 0
L 0.630014 0.7266387 0.630014 0.7386387 0 P 0
L 0.630014 0.9766387 0.630014 0.9886387 0 P 0
L 0.630014 1.2266387 0.630014 1.2386387 0 P 0
L 0.630014 1.4766387 0.630014 1.4886387 0 P 0
L 0.630014 1.7266387 0.630014 1.7386387 0 P 0
L 0.630014 1.9766387 0.630014 1.9886387 0 P 0
L 0.630014 2.2266387 0.630014 2.2386387 0 P 0
L 0.630014 2.4766387 0.630014 2.4886387 0 P 0
L 0.6847282 0.529 0.8347282 0.529 0 P 0
L 0.696514 2.9206387 0.716514 2.9206387 0 P 0
L 0.7 3 0.72 3 0 P 0
L 0.706514 2.9106387 0.706514 2.9306387 0 P 0
L 0.71 2.99 0.71 3.01 0 P 0
L 0.750691 2.43 0.822691 2.43 0 P 0
L 0.750691 2.63 0.822691 2.63 0 P 0
L 0.7597282 0.454 0.7597282 0.604 0 P 0
L 0.7708549 4.22 0.8458549 4.22 0 P 0
L 0.786691 2.394 0.786691 2.466 0 P 0
L 0.786691 2.594 0.786691 2.666 0 P 0
L 0.8083549 4.1825 0.8083549 4.2575 0 P 0
L 0.874014 0.4826387 0.886014 0.4826387 0 P 0
L 0.874014 0.7326387 0.886014 0.7326387 0 P 0
L 0.874014 0.9826387 0.886014 0.9826387 0 P 0
L 0.874014 1.2326387 0.886014 1.2326387 0 P 0
L 0.874014 1.4826387 0.886014 1.4826387 0 P 0
L 0.874014 1.7326387 0.886014 1.7326387 0 P 0
L 0.874014 1.9826387 0.886014 1.9826387 0 P 0
L 0.874014 4.2326387 0.886014 4.2326387 0 P 0
L 0.879 3.5866387 0.899 3.5866387 0 P 0
L 0.880014 0.4766387 0.880014 0.4886387 0 P 0
L 0.880014 0.7266387 0.880014 0.7386387 0 P 0
L 0.880014 0.9766387 0.880014 0.9886387 0 P 0
L 0.880014 1.2266387 0.880014 1.2386387 0 P 0
L 0.880014 1.4766387 0.880014 1.4886387 0 P 0
L 0.880014 1.7266387 0.880014 1.7386387 0 P 0
L 0.880014 1.9766387 0.880014 1.9886387 0 P 0
L 0.880014 4.2266387 0.880014 4.2386387 0 P 0
L 0.889 3.5766387 0.889 3.5966387 0 P 0
L 0.9258879 2.2267323 0.9958879 2.2267323 0 P 0
L 0.9298243 2.8348819 0.9998243 2.8348819 0 P 0
L 0.936 2.7 0.964 2.7 0 P 0
L 0.944 2.97 0.956 2.97 0 P 0
L 0.95 2.686 0.95 2.714 0 P 0
L 0.95 2.964 0.95 2.976 0 P 0
L 0.9564962 3.328 0.9684962 3.328 0 P 0
L 0.9564962 3.404 0.9684962 3.404 0 P 0
L 0.9608879 2.1917323 0.9608879 2.2617323 0 P 0
L 0.9624962 3.322 0.9624962 3.334 0 P 0
L 0.9624962 3.398 0.9624962 3.41 0 P 0
L 0.9648243 2.7998819 0.9648243 2.8698819 0 P 0
L 0.992 3.003 1.004 3.003 0 P 0
L 0.9934768 3.160015 1.0044768 3.160015 0 P 0
L 0.998 2.997 0.998 3.009 0 P 0
L 0.9989768 3.154515 0.9989768 3.165515 0 P 0
L 1.041 3.793 1.053 3.793 0 P 0
L 1.047 3.787 1.047 3.799 0 P 0
L 1.067417 0.85 1.10285 0.85 0 P 0
L 1.0831768 3.099515 1.0941768 3.099515 0 P 0
L 1.0851335 0.8322835 1.0851335 0.8677165 0 P 0
L 1.0886768 3.094015 1.0886768 3.105015 0 P 0
L 1.0944768 2.57 1.1244768 2.57 0 P 0
L 1.1094768 2.555 1.1094768 2.585 0 P 0
L 1.124014 0.4826387 1.136014 0.4826387 0 P 0
L 1.124014 0.7326387 1.136014 0.7326387 0 P 0
L 1.124014 0.9826387 1.136014 0.9826387 0 P 0
L 1.124014 1.2326387 1.136014 1.2326387 0 P 0
L 1.124014 1.4826387 1.136014 1.4826387 0 P 0
L 1.124014 2.2326387 1.136014 2.2326387 0 P 0
L 1.13 4.005 1.16 4.005 0 P 0
L 1.13 4.105 1.16 4.105 0 P 0
L 1.13 4.2060314 1.16 4.2060314 0 P 0
L 1.130014 0.4766387 1.130014 0.4886387 0 P 0
L 1.130014 0.7266387 1.130014 0.7386387 0 P 0
L 1.130014 0.9766387 1.130014 0.9886387 0 P 0
L 1.130014 1.2266387 1.130014 1.2386387 0 P 0
L 1.130014 1.4766387 1.130014 1.4886387 0 P 0
L 1.130014 2.2266387 1.130014 2.2386387 0 P 0
L 1.131 4.315 1.161 4.315 0 P 0
L 1.1435 3.164 1.1545 3.164 0 P 0
L 1.145 3.99 1.145 4.02 0 P 0
L 1.145 4.09 1.145 4.12 0 P 0
L 1.145 4.1910314 1.145 4.2210314 0 P 0
L 1.146 4.3 1.146 4.33 0 P 0
L 1.149 3.1585 1.149 3.1695 0 P 0
L 1.1664768 3.210015 1.1864768 3.210015 0 P 0
L 1.167417 0.85 1.20285 0.85 0 P 0
L 1.1764768 3.200015 1.1764768 3.220015 0 P 0
L 1.1791335 3.5536387 1.1911335 3.5536387 0 P 0
L 1.185 3.3 1.215 3.3 0 P 0
L 1.1851335 0.8322835 1.1851335 0.8677165 0 P 0
L 1.1851335 3.5476387 1.1851335 3.5596387 0 P 0
L 1.188 3.4 1.212 3.4 0 P 0
L 1.1925 3.164 1.2035 3.164 0 P 0
L 1.198 3.1585 1.198 3.1695 0 P 0
L 1.2 3.285 1.2 3.315 0 P 0
L 1.2 3.388 1.2 3.412 0 P 0
L 1.2095 1.9711725 1.2205 1.9711725 0 P 0
L 1.2146725 3.7566931 1.2346725 3.7566931 0 P 0
L 1.215 1.9656725 1.215 1.9766725 0 P 0
L 1.2246725 3.7466931 1.2246725 3.7666931 0 P 0
L 1.255 2.47 1.285 2.47 0 P 0
L 1.264515 3.3083444 1.275515 3.3083444 0 P 0
L 1.27 2.455 1.27 2.485 0 P 0
L 1.270015 3.3028444 1.270015 3.3138444 0 P 0
L 1.2822835 3.468215 1.3177165 3.468215 0 P 0
L 1.3 3.4504985 1.3 3.4859315 0 P 0
L 1.319 3.4 1.331 3.4 0 P 0
L 1.325 3.394 1.325 3.406 0 P 0
L 1.3299998 3.6072835 1.3599998 3.6072835 0 P 0
L 1.3299998 3.6860236 1.3599998 3.6860236 0 P 0
L 1.3299998 3.7647638 1.3599998 3.7647638 0 P 0
L 1.3299998 3.8435039 1.3599998 3.8435039 0 P 0
L 1.3299998 3.9222441 1.3599998 3.9222441 0 P 0
L 1.3299998 4.0009843 1.3599998 4.0009843 0 P 0
L 1.3299998 4.0797244 1.3599998 4.0797244 0 P 0
L 1.3299998 4.1584646 1.3599998 4.1584646 0 P 0
L 1.3299998 4.2372047 1.3599998 4.2372047 0 P 0
L 1.3299998 4.3159449 1.3599998 4.3159449 0 P 0
L 1.3299998 4.394685 1.3599998 4.394685 0 P 0
L 1.3299998 4.4734252 1.3599998 4.4734252 0 P 0
L 1.3449998 3.5922835 1.3449998 3.6222835 0 P 0
L 1.3449998 3.6710236 1.3449998 3.7010236 0 P 0
L 1.3449998 3.7497638 1.3449998 3.7797638 0 P 0
L 1.3449998 3.8285039 1.3449998 3.8585039 0 P 0
L 1.3449998 3.9072441 1.3449998 3.9372441 0 P 0
L 1.3449998 3.9859843 1.3449998 4.0159843 0 P 0
L 1.3449998 4.0647244 1.3449998 4.0947244 0 P 0
L 1.3449998 4.1434646 1.3449998 4.1734646 0 P 0
L 1.3449998 4.2222047 1.3449998 4.2522047 0 P 0
L 1.3449998 4.3009449 1.3449998 4.3309449 0 P 0
L 1.3449998 4.379685 1.3449998 4.409685 0 P 0
L 1.3449998 4.4584252 1.3449998 4.4884252 0 P 0
L 1.353604 1.4117387 1.410604 1.4117387 0 P 0
L 1.376104 1.7 1.388104 1.7 0 P 0
L 1.376104 2.08 1.388104 2.08 0 P 0
L 1.382104 1.3832387 1.382104 1.4402387 0 P 0
L 1.382104 1.694 1.382104 1.706 0 P 0
L 1.382104 2.074 1.382104 2.086 0 P 0
L 1.3822835 3.468215 1.4177165 3.468215 0 P 0
L 1.389 2.995 1.401 2.995 0 P 0
L 1.3911944 0.25 1.4211944 0.25 0 P 0
L 1.3934094 3.145 1.4054094 3.145 0 P 0
L 1.395 2.989 1.395 3.001 0 P 0
L 1.3994094 3.139 1.3994094 3.151 0 P 0
L 1.4 3.4504985 1.4 3.4859315 0 P 0
L 1.4061944 0.235 1.4061944 0.265 0 P 0
L 1.419 1.75 1.431 1.75 0 P 0
L 1.419 2.03 1.431 2.03 0 P 0
L 1.424 2.1260589 1.436 2.1260589 0 P 0
L 1.425 1.744 1.425 1.756 0 P 0
L 1.425 2.024 1.425 2.036 0 P 0
L 1.43 2.1200589 1.43 2.1320589 0 P 0
L 1.439869 3.1929134 1.475302 3.1929134 0 P 0
L 1.4515855 1.525 1.4635855 1.525 0 P 0
L 1.4515855 3.575 1.4635855 3.575 0 P 0
L 1.4575855 1.519 1.4575855 1.531 0 P 0
L 1.4575855 3.1751969 1.4575855 3.2106299 0 P 0
L 1.4575855 3.569 1.4575855 3.581 0 P 0
L 1.474 3.39 1.486 3.39 0 P 0
L 1.48 3.384 1.48 3.396 0 P 0
L 1.4822835 3.468215 1.5177165 3.468215 0 P 0
L 1.485 3.65 1.515 3.65 0 P 0
L 1.4880027 2.38 1.5000027 2.38 0 P 0
L 1.494 2.7419028 1.506 2.7419028 0 P 0
L 1.4940027 2.374 1.4940027 2.386 0 P 0
L 1.5 2.7359028 1.5 2.7479028 0 P 0
L 1.5 3.4504985 1.5 3.4859315 0 P 0
L 1.5 3.635 1.5 3.665 0 P 0
L 1.535 2.1 1.565 2.1 0 P 0
L 1.539869 3.1929134 1.575302 3.1929134 0 P 0
L 1.544 3.57 1.556 3.57 0 P 0
L 1.544 3.764 1.556 3.764 0 P 0
L 1.5479977 3.843 1.5599977 3.843 0 P 0
L 1.55 2.085 1.55 2.115 0 P 0
L 1.55 3.564 1.55 3.576 0 P 0
L 1.55 3.758 1.55 3.77 0 P 0
L 1.553604 1.4117387 1.610604 1.4117387 0 P 0
L 1.5539977 3.837 1.5539977 3.849 0 P 0
L 1.5575855 3.1751969 1.5575855 3.2106299 0 P 0
L 1.56 4 1.59 4 0 P 0
L 1.564 3.92 1.576 3.92 0 P 0
L 1.57 3.914 1.57 3.926 0 P 0
L 1.575 3.985 1.575 4.015 0 P 0
L 1.576104 3.0805309 1.588104 3.0805309 0 P 0
L 1.581 4.317 1.609 4.317 0 P 0
L 1.582104 1.3832387 1.582104 1.4402387 0 P 0
L 1.582104 3.0745309 1.582104 3.0865309 0 P 0
L 1.5822835 3.468215 1.6177165 3.468215 0 P 0
L 1.585 3.65 1.615 3.65 0 P 0
L 1.585 4.2 1.615 4.2 0 P 0
L 1.585 4.4 1.615 4.4 0 P 0
L 1.586 4.12 1.614 4.12 0 P 0
L 1.5939766 0.2516619 1.6239766 0.2516619 0 P 0
L 1.595 4.303 1.595 4.331 0 P 0
L 1.6 3.4504985 1.6 3.4859315 0 P 0
L 1.6 3.635 1.6 3.665 0 P 0
L 1.6 4.106 1.6 4.134 0 P 0
L 1.6 4.185 1.6 4.215 0 P 0
L 1.6 4.385 1.6 4.415 0 P 0
L 1.6089766 0.2366619 1.6089766 0.2666619 0 P 0
L 1.61 2.67 1.63 2.67 0 P 0
L 1.62 2.66 1.62 2.68 0 P 0
L 1.624014 0.7326387 1.636014 0.7326387 0 P 0
L 1.624014 1.2326387 1.636014 1.2326387 0 P 0
L 1.624014 1.4826387 1.636014 1.4826387 0 P 0
L 1.624014 1.7326387 1.636014 1.7326387 0 P 0
L 1.630014 0.7266387 1.630014 0.7386387 0 P 0
L 1.630014 1.2266387 1.630014 1.2386387 0 P 0
L 1.630014 1.4766387 1.630014 1.4886387 0 P 0
L 1.630014 1.7266387 1.630014 1.7386387 0 P 0
L 1.635 2.95 1.665 2.95 0 P 0
L 1.639 3.335 1.651 3.335 0 P 0
L 1.645 3.329 1.645 3.341 0 P 0
L 1.65 2.935 1.65 2.965 0 P 0
L 1.654 0.529 1.666 0.529 0 P 0
L 1.66 0.523 1.66 0.535 0 P 0
L 1.6613209 2.2268504 1.7313209 2.2268504 0 P 0
L 1.6645 2.45 1.6755 2.45 0 P 0
L 1.6645 2.6241375 1.6755 2.6241375 0 P 0
L 1.6652573 2.835 1.7352573 2.835 0 P 0
L 1.67 2.4445 1.67 2.4555 0 P 0
L 1.67 2.6186375 1.67 2.6296375 0 P 0
L 1.674 3.9593425 1.686 3.9593425 0 P 0
L 1.68 3.9533425 1.68 3.9653425 0 P 0
L 1.6863209 1.65 1.7063209 1.65 0 P 0
L 1.6908209 3.6107186 1.7018209 3.6107186 0 P 0
L 1.6908209 3.7649842 1.7018209 3.7649842 0 P 0
L 1.6942573 4 1.7062573 4 0 P 0
L 1.6963209 1.64 1.6963209 1.66 0 P 0
L 1.6963209 2.1918504 1.6963209 2.2618504 0 P 0
L 1.6963209 3.6052186 1.6963209 3.6162186 0 P 0
L 1.6963209 3.7594842 1.6963209 3.7704842 0 P 0
L 1.7002573 2.8 1.7002573 2.87 0 P 0
L 1.7002573 3.994 1.7002573 4.006 0 P 0
L 1.71 1.56 1.73 1.56 0 P 0
L 1.714 4.09 1.726 4.09 0 P 0
L 1.72 1.55 1.72 1.57 0 P 0
L 1.72 4.084 1.72 4.096 0 P 0
L 1.724 3.57 1.736 3.57 0 P 0
L 1.73 3.564 1.73 3.576 0 P 0
L 1.7301729 3.2598115 1.7411729 3.2598115 0 P 0
L 1.7356729 3.2543115 1.7356729 3.2653115 0 P 0
L 1.7374122 3.348315 1.7494122 3.348315 0 P 0
L 1.7375394 4.2364172 1.7485394 4.2364172 0 P 0
L 1.7430394 4.2309172 1.7430394 4.2419172 0 P 0
L 1.7434122 3.342315 1.7434122 3.354315 0 P 0
L 1.7445 3.1166619 1.7555 3.1166619 0 P 0
L 1.75 3.1111619 1.75 3.1221619 0 P 0
L 1.753604 1.4117387 1.810604 1.4117387 0 P 0
L 1.754 3.9 1.766 3.9 0 P 0
L 1.7545 0.81 1.7655 0.81 0 P 0
L 1.76 0.8045 1.76 0.8155 0 P 0
L 1.76 3.894 1.76 3.906 0 P 0
L 1.7820028 2.39 1.7930028 2.39 0 P 0
L 1.782104 1.3832387 1.782104 1.4402387 0 P 0
L 1.7875028 2.3845 1.7875028 2.3955 0 P 0
L 1.81 0.2516619 1.84 0.2516619 0 P 0
L 1.8115197 3.555 1.8235197 3.555 0 P 0
L 1.814 3.62 1.826 3.62 0 P 0
L 1.8175197 3.549 1.8175197 3.561 0 P 0
L 1.819 1.7 1.831 1.7 0 P 0
L 1.82 3.614 1.82 3.626 0 P 0
L 1.825 0.2366619 1.825 0.2666619 0 P 0
L 1.825 1.694 1.825 1.706 0 P 0
L 1.8320028 2.7000118 1.8430028 2.7000118 0 P 0
L 1.835 3.7 1.865 3.7 0 P 0
L 1.835 4.35 1.865 4.35 0 P 0
L 1.8370984 4.09 1.8480984 4.09 0 P 0
L 1.8375028 2.6945118 1.8375028 2.7055118 0 P 0
L 1.8425984 4.0845 1.8425984 4.0955 0 P 0
L 1.844 3.3424496 1.856 3.3424496 0 P 0
L 1.85 3.3364496 1.85 3.3484496 0 P 0
L 1.85 3.685 1.85 3.715 0 P 0
L 1.85 4.335 1.85 4.365 0 P 0
L 1.8820028 2.39 1.8930028 2.39 0 P 0
L 1.8875028 2.3845 1.8875028 2.3955 0 P 0
L 1.8935453 2.12 1.9055453 2.12 0 P 0
L 1.895 3.554496 1.915 3.554496 0 P 0
L 1.8995453 2.114 1.8995453 2.126 0 P 0
L 1.9041598 2.275 1.9341598 2.275 0 P 0
L 1.905 2.91 1.925 2.91 0 P 0
L 1.905 3.544496 1.905 3.564496 0 P 0
L 1.9145 3.71 1.9255 3.71 0 P 0
L 1.915 2.9 1.915 2.92 0 P 0
L 1.9191598 2.26 1.9191598 2.29 0 P 0
L 1.92 3.7045 1.92 3.7155 0 P 0
L 1.9320028 2.53 1.9430028 2.53 0 P 0
L 1.9375028 2.5245 1.9375028 2.5355 0 P 0
L 1.9498647 3.3320074 1.9618647 3.3320074 0 P 0
L 1.9558647 3.3260074 1.9558647 3.3380074 0 P 0
L 1.974 3.6598867 1.986 3.6598867 0 P 0
L 1.98 3.6538867 1.98 3.6658867 0 P 0
L 2.0198693 3.330015 2.0318693 3.330015 0 P 0
L 2.0203693 2.35 2.0313693 2.35 0 P 0
L 2.0258693 2.3445 2.0258693 2.3555 0 P 0
L 2.0258693 3.324015 2.0258693 3.336015 0 P 0
L 2.0466654 4.0679134 2.0576654 4.0679134 0 P 0
L 2.0521654 4.0624134 2.0521654 4.0734134 0 P 0
L 2.0545 2.64 2.0655 2.64 0 P 0
L 2.06 2.6345 2.06 2.6455 0 P 0
L 2.0775068 4.3836212 2.0895068 4.3836212 0 P 0
L 2.0835068 4.3776212 2.0835068 4.3896212 0 P 0
L 2.094 3.0896725 2.106 3.0896725 0 P 0
L 2.094 4.068 2.106 4.068 0 P 0
L 2.1 3.0836725 2.1 3.0956725 0 P 0
L 2.1 4.062 2.1 4.074 0 P 0
L 2.104 3.01 2.116 3.01 0 P 0
L 2.11 3.004 2.11 3.016 0 P 0
L 2.110699 3.1821921 2.122699 3.1821921 0 P 0
L 2.116699 3.1761921 2.116699 3.1881921 0 P 0
L 2.1292393 4.025 2.1412393 4.025 0 P 0
L 2.132 2.809 2.144 2.809 0 P 0
L 2.1352393 4.019 2.1352393 4.031 0 P 0
L 2.138 2.803 2.138 2.815 0 P 0
L 2.1459172 2.8667772 2.1569172 2.8667772 0 P 0
L 2.1514172 2.8612772 2.1514172 2.8722772 0 P 0
L 2.1645 4.2364172 2.1755 4.2364172 0 P 0
L 2.17 4.2309172 2.17 4.2419172 0 P 0
L 2.185 3 2.215 3 0 P 0
L 2.2 2.985 2.2 3.015 0 P 0
L 2.2069922 4.275 2.2189922 4.275 0 P 0
L 2.2074922 3.1857145 2.2184922 3.1857145 0 P 0
L 2.2129922 3.1802145 2.2129922 3.1912145 0 P 0
L 2.2129922 4.269 2.2129922 4.281 0 P 0
L 2.2565984 3.85 2.2685984 3.85 0 P 0
L 2.26 2.925 2.29 2.925 0 P 0
L 2.2625984 3.844 2.2625984 3.856 0 P 0
L 2.269 2.83 2.281 2.83 0 P 0
L 2.275 2.824 2.275 2.836 0 P 0
L 2.275 2.91 2.275 2.94 0 P 0
L 2.305 3.69 2.317 3.69 0 P 0
L 2.307 3.605 2.319 3.605 0 P 0
L 2.311 3.684 2.311 3.696 0 P 0
L 2.313 3.599 2.313 3.611 0 P 0
L 2.326 3.21 2.354 3.21 0 P 0
L 2.34 3.196 2.34 3.224 0 P 0
L 2.3573982 4.155 2.3683982 4.155 0 P 0
L 2.3628982 4.1495 2.3628982 4.1605 0 P 0
L 2.3651403 2.6958661 2.3761403 2.6958661 0 P 0
L 2.3706403 2.6903661 2.3706403 2.7013661 0 P 0
L 2.374 2.3535828 2.386 2.3535828 0 P 0
L 2.374014 3.4826387 2.386014 3.4826387 0 P 0
L 2.38 2.3475828 2.38 2.3595828 0 P 0
L 2.380014 3.4766387 2.380014 3.4886387 0 P 0
L 2.3944705 2.2267323 2.4644705 2.2267323 0 P 0
L 2.3984069 2.8348819 2.4684069 2.8348819 0 P 0
L 2.4294705 2.1917323 2.4294705 2.2617323 0 P 0
L 2.4334069 2.7998819 2.4334069 2.8698819 0 P 0
L 2.454 3.519902 2.466 3.519902 0 P 0
L 2.46 3.513902 2.46 3.525902 0 P 0
L 2.469 3.8616387 2.481 3.8616387 0 P 0
L 2.4696339 3.8135966 2.4816339 3.8135966 0 P 0
L 2.475 3.8556387 2.475 3.8676387 0 P 0
L 2.4756339 3.8075966 2.4756339 3.8195966 0 P 0
L 2.519 3.13 2.531 3.13 0 P 0
L 2.524098 3.519902 2.536098 3.519902 0 P 0
L 2.525 3.124 2.525 3.136 0 P 0
L 2.530098 3.513902 2.530098 3.525902 0 P 0
L 2.551015 3.210015 2.579015 3.210015 0 P 0
L 2.5579998 3.6072835 2.5879998 3.6072835 0 P 0
L 2.5579998 3.6860236 2.5879998 3.6860236 0 P 0
L 2.5579998 3.7647638 2.5879998 3.7647638 0 P 0
L 2.5579998 3.8435039 2.5879998 3.8435039 0 P 0
L 2.5579998 3.9222441 2.5879998 3.9222441 0 P 0
L 2.5579998 4.0009843 2.5879998 4.0009843 0 P 0
L 2.5579998 4.0797244 2.5879998 4.0797244 0 P 0
L 2.5579998 4.1584646 2.5879998 4.1584646 0 P 0
L 2.5579998 4.2372047 2.5879998 4.2372047 0 P 0
L 2.5579998 4.3159449 2.5879998 4.3159449 0 P 0
L 2.5579998 4.394685 2.5879998 4.394685 0 P 0
L 2.5579998 4.4734252 2.5879998 4.4734252 0 P 0
L 2.565015 3.196015 2.565015 3.224015 0 P 0
L 2.5729998 3.5922835 2.5729998 3.6222835 0 P 0
L 2.5729998 3.6710236 2.5729998 3.7010236 0 P 0
L 2.5729998 3.7497638 2.5729998 3.7797638 0 P 0
L 2.5729998 3.8285039 2.5729998 3.8585039 0 P 0
L 2.5729998 3.9072441 2.5729998 3.9372441 0 P 0
L 2.5729998 3.9859843 2.5729998 4.0159843 0 P 0
L 2.5729998 4.0647244 2.5729998 4.0947244 0 P 0
L 2.5729998 4.1434646 2.5729998 4.1734646 0 P 0
L 2.5729998 4.2222047 2.5729998 4.2522047 0 P 0
L 2.5729998 4.3009449 2.5729998 4.3309449 0 P 0
L 2.5729998 4.379685 2.5729998 4.409685 0 P 0
L 2.5729998 4.4584252 2.5729998 4.4884252 0 P 0
L 2.577691 2.43 2.649691 2.43 0 P 0
L 2.577691 2.63 2.649691 2.63 0 P 0
L 2.5859768 3.363115 2.5969768 3.363115 0 P 0
L 2.5914768 3.357615 2.5914768 3.368615 0 P 0
L 2.593693 3.1313271 2.605693 3.1313271 0 P 0
L 2.594 3.519902 2.606 3.519902 0 P 0
L 2.599693 3.1253271 2.599693 3.1373271 0 P 0
L 2.6 3.513902 2.6 3.525902 0 P 0
L 2.613691 2.394 2.613691 2.466 0 P 0
L 2.613691 2.594 2.613691 2.666 0 P 0
L 2.6200551 2.95 2.6480551 2.95 0 P 0
L 2.624014 2.2326387 2.636014 2.2326387 0 P 0
L 2.624014 3.2326387 2.636014 3.2326387 0 P 0
L 2.624014 3.4826387 2.636014 3.4826387 0 P 0
L 2.630014 2.2266387 2.630014 2.2386387 0 P 0
L 2.630014 3.2266387 2.630014 3.2386387 0 P 0
L 2.630014 3.4766387 2.630014 3.4886387 0 P 0
L 2.6340551 2.936 2.6340551 2.964 0 P 0
L 2.664 3.1313271 2.676 3.1313271 0 P 0
L 2.664 3.23 2.676 3.23 0 P 0
L 2.664 4.425 2.676 4.425 0 P 0
L 2.6653952 3.52 2.6773952 3.52 0 P 0
L 2.67 3.1253271 2.67 3.1373271 0 P 0
L 2.67 3.224 2.67 3.236 0 P 0
L 2.67 4.419 2.67 4.431 0 P 0
L 2.671179 3.825 2.683179 3.825 0 P 0
L 2.6713952 3.514 2.6713952 3.526 0 P 0
L 2.677179 3.819 2.677179 3.831 0 P 0
L 2.6793829 3.325 2.6913829 3.325 0 P 0
L 2.6853829 3.319 2.6853829 3.331 0 P 0
L 2.7099998 4.459681 2.7399998 4.459681 0 P 0
L 2.7249998 4.444681 2.7249998 4.474681 0 P 0
L 2.735 3.0949021 2.765 3.0949021 0 P 0
L 2.735 3.6 2.765 3.6 0 P 0
L 2.735 4.15 2.765 4.15 0 P 0
L 2.75 3.0799021 2.75 3.1099021 0 P 0
L 2.75 3.585 2.75 3.615 0 P 0
L 2.75 4.135 2.75 4.165 0 P 0
L 2.7574768 3.5108905 2.7854768 3.5108905 0 P 0
L 2.7714768 3.4968905 2.7714768 3.5248905 0 P 0
L 2.819 3.7649842 2.831 3.7649842 0 P 0
L 2.82 4.2039199 2.85 4.2039199 0 P 0
L 2.825 3.7589842 2.825 3.7709842 0 P 0
L 2.835 4.1889199 2.835 4.2189199 0 P 0
L 2.8611342 3.51 2.8891342 3.51 0 P 0
L 2.874014 2.2326387 2.886014 2.2326387 0 P 0
L 2.874014 3.2326387 2.886014 3.2326387 0 P 0
L 2.8751342 3.496 2.8751342 3.524 0 P 0
L 2.880014 2.2266387 2.880014 2.2386387 0 P 0
L 2.880014 3.2266387 2.880014 3.2386387 0 P 0
L 2.899691 2.53 2.927691 2.53 0 P 0
L 2.9025 4.22 2.9775 4.22 0 P 0
L 2.913691 2.516 2.913691 2.544 0 P 0
L 2.94 4.1825 2.94 4.2575 0 P 0
L 2.956 3.51 2.984 3.51 0 P 0
L 2.97 3.496 2.97 3.524 0 P 0
L 2.971691 2.53 2.999691 2.53 0 P 0
L 2.985691 2.516 2.985691 2.544 0 P 0
L 3.0347045 3.3309449 3.0627045 3.3309449 0 P 0
L 3.0487045 3.3169449 3.0487045 3.3449449 0 P 0
L 3.124014 2.2326387 3.136014 2.2326387 0 P 0
L 3.124014 2.4826387 3.136014 2.4826387 0 P 0
L 3.124014 2.7326387 3.136014 2.7326387 0 P 0
L 3.1258243 2.1166619 3.2045645 2.1166619 0 P 0
L 3.130014 2.2266387 3.130014 2.2386387 0 P 0
L 3.130014 2.4766387 3.130014 2.4886387 0 P 0
L 3.130014 2.7266387 3.130014 2.7386387 0 P 0
L 3.1651944 2.0772918 3.1651944 2.156032 0 P 0
L 3.170092 3.2598115 3.212218 3.2598115 0 P 0
L 3.1701314 3.1416619 3.2122574 3.1416619 0 P 0
L 3.191155 3.2387485 3.191155 3.2808745 0 P 0
L 3.1911944 3.1205989 3.1911944 3.1627249 0 P 0
L 3.2423688 3.023545 3.2943372 3.023545 0 P 0
L 3.2423688 3.3778757 3.2943372 3.3778757 0 P 0
L 3.268353 2.9975608 3.268353 3.0495292 0 P 0
L 3.268353 3.3518915 3.268353 3.4038599 0 P 0
L 3.285 3.7754607 3.315 3.7754607 0 P 0
L 3.286776 3.675 3.298776 3.675 0 P 0
L 3.292776 3.669 3.292776 3.681 0 P 0
L 3.3 3.7604607 3.3 3.7904607 0 P 0
