#Layer_Color=16711935
#
#Feature symbol names
#
$0 r3.937
$1 r4
$2 rect75.9842x15.8858
$3 rect35.433x6.8839
$4 rect6.8839x35.433

#
#Feature attribute names
#

#
#Layer features
#
A 1.0837555 3.1241213 1.0837555 3.1241213 1.0640705 3.1241213 0 P 0 N
A 1.8211642 2.4986614 1.8211642 2.4986614 1.8014792 2.4986614 0 P 0 N
A 2.2202755 2.6931496 2.2202755 2.6931496 2.2005905 2.6931496 0 P 0 N
A 2.6150988 3.367052 2.6150988 3.367052 2.5954138 3.367052 0 P 0 N
L 0.2514463 3.3910871 0.2514463 3.4442367 0 P 0
L 0.2514463 3.3910871 0.3223124 3.3910871 0 P 0
L 0.2514463 3.4442367 0.3223124 3.4442367 0 P 0
L 0.2882023 2.9326068 0.2882023 3.050717 0 P 0
L 0.2882023 2.9326068 0.3641865 2.9326068 0 P 0
L 0.2882023 3.050717 0.3641865 3.050717 0 P 0
L 0.2884668 3.1897332 0.2884668 3.3015442 0 P 0
L 0.2884668 3.1897332 0.882955 3.1897332 0 P 0
L 0.2884668 3.3015442 0.882955 3.3015442 0 P 0
L 0.3223124 3.3910871 0.3223124 3.4442367 0 P 0
L 0.3641865 2.9326068 0.3641865 3.050717 0 P 0
L 0.3724937 3.1822132 0.3724937 3.2511108 0 P 0
L 0.3724937 3.1822132 0.4098952 3.1822132 0 P 0
L 0.3724937 3.2511108 0.4098952 3.2511108 0 P 0
L 0.4098952 3.1822132 0.4098952 3.2511108 0 P 0
L 0.4634779 3.2010713 0.4634779 3.2522524 0 P 0
L 0.4634779 3.2010713 0.4989109 3.2010713 0 P 0
L 0.4634779 3.2522524 0.4989109 3.2522524 0 P 0
L 0.4989109 3.2010713 0.4989109 3.2522524 0 P 0
L 0.5065459 3.6259449 0.5065459 3.7440551 0 P 0
L 0.5065459 3.6259449 0.5825301 3.6259449 0 P 0
L 0.5065459 3.7440551 0.5825301 3.7440551 0 P 0
L 0.5655513 2.9019379 0.5655513 2.9393394 0 P 0
L 0.5655513 2.9019379 0.6344489 2.9019379 0 P 0
L 0.5655513 2.9393394 0.6344489 2.9393394 0 P 0
L 0.5655513 3.0062992 0.5655513 3.0437007 0 P 0
L 0.5655513 3.0062992 0.6344489 3.0062992 0 P 0
L 0.5655513 3.0437007 0.6344489 3.0437007 0 P 0
L 0.5825301 3.6259449 0.5825301 3.7440551 0 P 0
L 0.6197748 3.303441 0.6197748 3.356589 0 P 0
L 0.6197748 3.303441 0.7024508 3.303441 0 P 0
L 0.6197748 3.356589 0.7024508 3.356589 0 P 0
L 0.6228153 3.1279379 0.6228153 3.1653394 0 P 0
L 0.6228153 3.1279379 0.6917129 3.1279379 0 P 0
L 0.6228153 3.1653394 0.6917129 3.1653394 0 P 0
L 0.6344489 2.9019379 0.6344489 2.9393394 0 P 0
L 0.6344489 3.0062992 0.6344489 3.0437007 0 P 0
L 0.6870079 3.5531742 0.6870079 3.6201033 0 P 0
L 0.6870079 3.5531742 0.8129921 3.5531742 0 P 0
L 0.6870079 3.6201033 0.8129921 3.6201033 0 P 0
L 0.6917129 3.1279379 0.6917129 3.1653394 0 P 0
L 0.7024508 3.303441 0.7024508 3.356589 0 P 0
L 0.7070079 3.5531741 0.7070079 3.6201032 0 P 0
L 0.7070079 3.5531741 0.8329921 3.5531741 0 P 0
L 0.7070079 3.6201032 0.8329921 3.6201032 0 P 0
L 0.7661024 3.7996453 0.7661024 3.9098815 0 P 0
L 0.7661024 3.7996453 0.9038976 3.7996453 0 P 0
L 0.7661024 3.9098815 0.9038976 3.9098815 0 P 0
L 0.7672132 3.8115039 0.7672132 3.9217401 0 P 0
L 0.7672132 3.8115039 0.9050084 3.8115039 0 P 0
L 0.7672132 3.9217401 0.9050084 3.9217401 0 P 0
L 0.7785248 2.998441 0.7785248 3.051589 0 P 0
L 0.7785248 2.998441 0.8612008 2.998441 0 P 0
L 0.7785248 3.051589 0.8612008 3.051589 0 P 0
L 0.7805511 2.9029612 0.7805511 2.9403627 0 P 0
L 0.7805511 2.9029612 0.8494487 2.9029612 0 P 0
L 0.7805511 2.9403627 0.8494487 2.9403627 0 P 0
L 0.7845871 3.1881254 0.7845871 3.4519049 0 P 0
L 0.7845871 3.1881254 1.0483666 3.1881254 0 P 0
L 0.7845871 3.4519049 1.0483666 3.4519049 0 P 0
L 0.8129921 3.5531742 0.8129921 3.6201033 0 P 0
L 0.8329921 3.5531741 0.8329921 3.6201032 0 P 0
L 0.8494487 2.9029612 0.8494487 2.9403627 0 P 0
L 0.8612008 2.998441 0.8612008 3.051589 0 P 0
L 0.882955 3.1897332 0.882955 3.3015442 0 P 0
L 0.9038976 3.7996453 0.9038976 3.9098815 0 P 0
L 0.9050084 3.8115039 0.9050084 3.9217401 0 P 0
L 1.0020472 2.6320867 1.0020472 2.7679134 0 P 0
L 1.0020472 2.6320867 1.2579527 2.6320867 0 P 0
L 1.0020472 2.7679134 1.2579527 2.7679134 0 P 0
L 1.0266689 3.0375071 1.0266689 3.1615229 0 P 0
L 1.0266689 3.0375071 1.1506847 3.0375071 0 P 0
L 1.0266689 3.1615229 1.1506847 3.1615229 0 P 0
L 1.0483666 3.1881254 1.0483666 3.4519049 0 P 0
L 1.0931028 3.278291 1.0931028 3.360967 0 P 0
L 1.0931028 3.278291 1.1462508 3.278291 0 P 0
L 1.0931028 3.360967 1.1462508 3.360967 0 P 0
L 1.1142674 3.5872992 1.1142674 3.6247007 0 P 0
L 1.1142674 3.5872992 1.183165 3.5872992 0 P 0
L 1.1142674 3.6247007 1.183165 3.6247007 0 P 0
L 1.1142674 3.6662993 1.1142674 3.7037008 0 P 0
L 1.1142674 3.6662993 1.183165 3.6662993 0 P 0
L 1.1142674 3.7037008 1.183165 3.7037008 0 P 0
L 1.1462508 3.278291 1.1462508 3.360967 0 P 0
L 1.1506846 3.5872992 1.1506846 3.6247007 0 P 0
L 1.1506846 3.5872992 1.2195822 3.5872992 0 P 0
L 1.1506846 3.6247007 1.2195822 3.6247007 0 P 0
L 1.1506847 3.0375071 1.1506847 3.1615229 0 P 0
L 1.1506848 3.6662993 1.1506848 3.7037008 0 P 0
L 1.1506848 3.6662993 1.2195824 3.6662993 0 P 0
L 1.1506848 3.7037008 1.2195824 3.7037008 0 P 0
L 1.183165 3.5872992 1.183165 3.6247007 0 P 0
L 1.183165 3.6662993 1.183165 3.7037008 0 P 0
L 1.1962993 1.8355513 1.1962993 1.9044489 0 P 0
L 1.1962993 1.8355513 1.2337008 1.8355513 0 P 0
L 1.1962993 1.9044489 1.2337008 1.9044489 0 P 0
L 1.2195822 3.5872992 1.2195822 3.6247007 0 P 0
L 1.2195824 3.6662993 1.2195824 3.7037008 0 P 0
L 1.2337008 1.8355513 1.2337008 1.9044489 0 P 0
L 1.2554095 3.1602835 1.2554095 3.1957165 0 P 0
L 1.2554095 3.1602835 1.3065906 3.1602835 0 P 0
L 1.2554095 3.1957165 1.3065906 3.1957165 0 P 0
L 1.2579527 2.6320867 1.2579527 2.7679134 0 P 0
L 1.2625511 3.0832992 1.2625511 3.1207007 0 P 0
L 1.2625511 3.0832992 1.3314487 3.0832992 0 P 0
L 1.2625511 3.1207007 1.3314487 3.1207007 0 P 0
L 1.2655511 3.1433918 1.2655511 3.1807933 0 P 0
L 1.2655511 3.1433918 1.3344487 3.1433918 0 P 0
L 1.2655511 3.1807933 1.3344487 3.1807933 0 P 0
L 1.2655513 2.8136932 1.2655513 2.8510947 0 P 0
L 1.2655513 2.8136932 1.3344489 2.8136932 0 P 0
L 1.2655513 2.8510947 1.3344489 2.8510947 0 P 0
L 1.2655513 2.8960372 1.2655513 2.9334387 0 P 0
L 1.2655513 2.8960372 1.3344489 2.8960372 0 P 0
L 1.2655513 2.9334387 1.3344489 2.9334387 0 P 0
L 1.2655513 2.9779056 1.2655513 3.0153071 0 P 0
L 1.2655513 2.9779056 1.3344489 2.9779056 0 P 0
L 1.2655513 3.0153071 1.3344489 3.0153071 0 P 0
L 1.2655513 3.0612992 1.2655513 3.0987007 0 P 0
L 1.2655513 3.0612992 1.3344489 3.0612992 0 P 0
L 1.2655513 3.0987007 1.3344489 3.0987007 0 P 0
L 1.2712992 1.8355511 1.2712992 1.9044487 0 P 0
L 1.2712992 1.8355511 1.3087007 1.8355511 0 P 0
L 1.2712992 1.9044487 1.3087007 1.9044487 0 P 0
L 1.3065906 3.1602835 1.3065906 3.1957165 0 P 0
L 1.3087007 1.8355511 1.3087007 1.9044487 0 P 0
L 1.3314487 3.0832992 1.3314487 3.1207007 0 P 0
L 1.3344487 3.1433918 1.3344487 3.1807933 0 P 0
L 1.3344489 2.8136932 1.3344489 2.8510947 0 P 0
L 1.3344489 2.8960372 1.3344489 2.9334387 0 P 0
L 1.3344489 2.9779056 1.3344489 3.0153071 0 P 0
L 1.3344489 3.0612992 1.3344489 3.0987007 0 P 0
L 1.3826771 1.8224409 1.3826771 1.877559 0 P 0
L 1.3826771 1.8224409 1.4673228 1.8224409 0 P 0
L 1.3826771 1.877559 1.4673228 1.877559 0 P 0
L 1.3980612 2.5723054 1.3980612 2.6234865 0 P 0
L 1.3980612 2.5723054 1.4827069 2.5723054 0 P 0
L 1.3980612 2.6234865 1.4827069 2.6234865 0 P 0
L 1.4231366 1.9562993 1.4231366 1.9937008 0 P 0
L 1.4231366 1.9562993 1.4920342 1.9562993 0 P 0
L 1.4231366 1.9937008 1.4920342 1.9937008 0 P 0
L 1.4310115 1.595276 1.4310115 1.677952 0 P 0
L 1.4310115 1.595276 1.4841595 1.595276 0 P 0
L 1.4310115 1.677952 1.4841595 1.677952 0 P 0
L 1.4355513 3.7452993 1.4355513 3.7827008 0 P 0
L 1.4355513 3.7452993 1.5044489 3.7452993 0 P 0
L 1.4355513 3.7827008 1.5044489 3.7827008 0 P 0
L 1.4355513 3.8242993 1.4355513 3.8617008 0 P 0
L 1.4355513 3.8242993 1.5044489 3.8242993 0 P 0
L 1.4355513 3.8617008 1.5044489 3.8617008 0 P 0
L 1.4355513 3.9012993 1.4355513 3.9387008 0 P 0
L 1.4355513 3.9012993 1.5044489 3.9012993 0 P 0
L 1.4355513 3.9387008 1.5044489 3.9387008 0 P 0
L 1.4355513 4.0612993 1.4355513 4.0987008 0 P 0
L 1.4355513 4.0612993 1.5044489 4.0612993 0 P 0
L 1.4355513 4.0987008 1.5044489 4.0987008 0 P 0
L 1.4355513 4.1412993 1.4355513 4.1787008 0 P 0
L 1.4355513 4.1412993 1.5044489 4.1412993 0 P 0
L 1.4355513 4.1787008 1.5044489 4.1787008 0 P 0
L 1.4355513 4.2982993 1.4355513 4.3357008 0 P 0
L 1.4355513 4.2982993 1.5044489 4.2982993 0 P 0
L 1.4355513 4.3357008 1.5044489 4.3357008 0 P 0
L 1.4555513 2.9762992 1.4555513 3.0137007 0 P 0
L 1.4555513 2.9762992 1.5244489 2.9762992 0 P 0
L 1.4555513 3.0137007 1.5244489 3.0137007 0 P 0
L 1.4555513 3.0612992 1.4555513 3.0987007 0 P 0
L 1.4555513 3.0612992 1.5244489 3.0612992 0 P 0
L 1.4555513 3.0987007 1.5244489 3.0987007 0 P 0
L 1.4673228 1.8224409 1.4673228 1.877559 0 P 0
L 1.4827069 2.5723054 1.4827069 2.6234865 0 P 0
L 1.4841595 1.595276 1.4841595 1.677952 0 P 0
L 1.4920342 1.9562993 1.4920342 1.9937008 0 P 0
L 1.5044489 3.7452993 1.5044489 3.7827008 0 P 0
L 1.5044489 3.8242993 1.5044489 3.8617008 0 P 0
L 1.5044489 3.9012993 1.5044489 3.9387008 0 P 0
L 1.5044489 4.0612993 1.5044489 4.0987008 0 P 0
L 1.5044489 4.1412993 1.5044489 4.1787008 0 P 0
L 1.5044489 4.2982993 1.5044489 4.3357008 0 P 0
L 1.5244489 2.9762992 1.5244489 3.0137007 0 P 0
L 1.5244489 3.0612992 1.5244489 3.0987007 0 P 0
L 1.5412992 2.5091339 1.5412992 2.5780315 0 P 0
L 1.5412992 2.5091339 1.5787007 2.5091339 0 P 0
L 1.5412992 2.5780315 1.5787007 2.5780315 0 P 0
L 1.5787007 2.5091339 1.5787007 2.5780315 0 P 0
L 1.5811198 1.6339454 1.5811198 1.6693784 0 P 0
L 1.5811198 1.6339454 1.6323009 1.6339454 0 P 0
L 1.5811198 1.6693784 1.6323009 1.6693784 0 P 0
L 1.5840725 1.5429611 1.5840725 1.5803626 0 P 0
L 1.5840725 1.5429611 1.6529701 1.5429611 0 P 0
L 1.5840725 1.5803626 1.6529701 1.5803626 0 P 0
L 1.6323009 1.6339454 1.6323009 1.6693784 0 P 0
L 1.6512992 2.5055511 1.6512992 2.5744487 0 P 0
L 1.6512992 2.5055511 1.6887007 2.5055511 0 P 0
L 1.6512992 2.5744487 1.6887007 2.5744487 0 P 0
L 1.6529701 1.5429611 1.6529701 1.5803626 0 P 0
L 1.6658084 3.1797676 1.6658084 3.2171691 0 P 0
L 1.6658084 3.1797676 1.734706 3.1797676 0 P 0
L 1.6658084 3.2171691 1.734706 3.2171691 0 P 0
L 1.6887007 2.5055511 1.6887007 2.5744487 0 P 0
L 1.7296327 3.3820866 1.7296327 3.5179133 0 P 0
L 1.7296327 3.3820866 1.9855382 3.3820866 0 P 0
L 1.7296327 3.5179133 1.9855382 3.5179133 0 P 0
L 1.734706 3.1797676 1.734706 3.2171691 0 P 0
L 1.7412992 0.6755511 1.7412992 0.7444487 0 P 0
L 1.7412992 0.6755511 1.7787007 0.6755511 0 P 0
L 1.7412992 0.7444487 1.7787007 0.7444487 0 P 0
L 1.7412993 3.9655513 1.7412993 4.0344489 0 P 0
L 1.7412993 3.9655513 1.7787008 3.9655513 0 P 0
L 1.7412993 4.0344489 1.7787008 4.0344489 0 P 0
L 1.7640776 2.4612598 1.7640776 2.6187402 0 P 0
L 1.7640776 2.4612598 1.960928 2.4612598 0 P 0
L 1.7640776 2.6187402 1.960928 2.6187402 0 P 0
L 1.7787007 0.6755511 1.7787007 0.7444487 0 P 0
L 1.7787008 3.9655513 1.7787008 4.0344489 0 P 0
L 1.7812992 4.1655511 1.7812992 4.2344487 0 P 0
L 1.7812992 4.1655511 1.8187007 4.1655511 0 P 0
L 1.7812992 4.2344487 1.8187007 4.2344487 0 P 0
L 1.8076771 3.2074409 1.8076771 3.262559 0 P 0
L 1.8076771 3.2074409 1.8923228 3.2074409 0 P 0
L 1.8076771 3.262559 1.8923228 3.262559 0 P 0
L 1.8155512 3.3976733 1.8155512 3.4350748 0 P 0
L 1.8155512 3.3976733 1.8844488 3.3976733 0 P 0
L 1.8155512 3.4350748 1.8844488 3.4350748 0 P 0
L 1.8187007 4.1655511 1.8187007 4.2344487 0 P 0
L 1.8302345 3.954567 1.8302345 4.0254331 0 P 0
L 1.8302345 3.954567 1.9522817 3.954567 0 P 0
L 1.8302345 4.0254331 1.9522817 4.0254331 0 P 0
L 1.8568898 4.1655513 1.8568898 4.2344489 0 P 0
L 1.8568898 4.1655513 1.8942913 4.1655513 0 P 0
L 1.8568898 4.2344489 1.8942913 4.2344489 0 P 0
L 1.8844488 3.3976733 1.8844488 3.4350748 0 P 0
L 1.8923228 3.2074409 1.8923228 3.262559 0 P 0
L 1.8942913 4.1655513 1.8942913 4.2344489 0 P 0
L 1.9012993 3.7655513 1.9012993 3.8344489 0 P 0
L 1.9012993 3.7655513 1.9387008 3.7655513 0 P 0
L 1.9012993 3.8344489 1.9387008 3.8344489 0 P 0
L 1.9312992 4.1655511 1.9312992 4.2344487 0 P 0
L 1.9312992 4.1655511 1.9687007 4.1655511 0 P 0
L 1.9312992 4.2344487 1.9687007 4.2344487 0 P 0
L 1.9387008 3.7655513 1.9387008 3.8344489 0 P 0
L 1.9522817 3.954567 1.9522817 4.0254331 0 P 0
L 1.960928 2.4612598 1.960928 2.6187402 0 P 0
L 1.9640709 2.8528504 1.9640709 2.9591496 0 P 0
L 1.9640709 2.8528504 2.0979292 2.8528504 0 P 0
L 1.9640709 2.9591496 2.0979292 2.9591496 0 P 0
L 1.9687007 4.1655511 1.9687007 4.2344487 0 P 0
L 1.9755907 3.2165354 1.9755907 3.2834645 0 P 0
L 1.9755907 3.2165354 2.1015749 3.2165354 0 P 0
L 1.9755907 3.2834645 2.1015749 3.2834645 0 P 0
L 1.9791339 2.9906103 1.9791339 3.0280118 0 P 0
L 1.9791339 2.9906103 2.0480315 2.9906103 0 P 0
L 1.9791339 3.0280118 2.0480315 3.0280118 0 P 0
L 1.9791341 3.0709717 1.9791341 3.1083732 0 P 0
L 1.9791341 3.0709717 2.0480317 3.0709717 0 P 0
L 1.9791341 3.1083732 2.0480317 3.1083732 0 P 0
L 1.9791341 3.1398693 1.9791341 3.1772708 0 P 0
L 1.9791341 3.1398693 2.0480317 3.1398693 0 P 0
L 1.9791341 3.1772708 2.0480317 3.1772708 0 P 0
L 1.985 2.71 1.985 2.81 1 P 0
L 1.985 2.71 2.03 2.71 1 P 0
L 1.985 2.81 2.03 2.81 1 P 0
L 1.9855382 3.3820866 1.9855382 3.5179133 0 P 0
L 2.0071685 4.1655511 2.0071685 4.2344487 0 P 0
L 2.0071685 4.1655511 2.04457 4.1655511 0 P 0
L 2.0071685 4.2344487 2.04457 4.2344487 0 P 0
L 2.03 2.71 2.03 2.81 1 P 0
L 2.0312993 3.8905511 2.0312993 3.9594487 0 P 0
L 2.0312993 3.8905511 2.0687008 3.8905511 0 P 0
L 2.0312993 3.9594487 2.0687008 3.9594487 0 P 0
L 2.0405513 3.5636773 2.0405513 3.6010788 0 P 0
L 2.0405513 3.5636773 2.1094489 3.5636773 0 P 0
L 2.0405513 3.6010788 2.1094489 3.6010788 0 P 0
L 2.04457 4.1655511 2.04457 4.2344487 0 P 0
L 2.0480315 2.9906103 2.0480315 3.0280118 0 P 0
L 2.0480317 3.0709717 2.0480317 3.1083732 0 P 0
L 2.0480317 3.1398693 2.0480317 3.1772708 0 P 0
L 2.064806 2.3555511 2.064806 2.4244487 0 P 0
L 2.064806 2.3555511 2.1022075 2.3555511 0 P 0
L 2.064806 2.4244487 2.1022075 2.4244487 0 P 0
L 2.0687008 3.8905511 2.0687008 3.9594487 0 P 0
L 2.0805511 4.2982992 2.0805511 4.3357007 0 P 0
L 2.0805511 4.2982992 2.1494487 4.2982992 0 P 0
L 2.0805511 4.3357007 2.1494487 4.3357007 0 P 0
L 2.0812992 4.1655511 2.0812992 4.2344487 0 P 0
L 2.0812992 4.1655511 2.1187007 4.1655511 0 P 0
L 2.0812992 4.2344487 2.1187007 4.2344487 0 P 0
L 2.0826772 3.4058978 2.0826772 3.4610159 0 P 0
L 2.0826772 3.4058978 2.1673229 3.4058978 0 P 0
L 2.0826772 3.4610159 2.1673229 3.4610159 0 P 0
L 2.0979292 2.8528504 2.0979292 2.9591496 0 P 0
L 2.1015749 3.2165354 2.1015749 3.2834645 0 P 0
L 2.1022075 2.3555511 2.1022075 2.4244487 0 P 0
L 2.1094489 3.5636773 2.1094489 3.6010788 0 P 0
L 2.1139764 2.5514173 2.1139764 2.7285827 0 P 0
L 2.1139764 2.5514173 2.2360236 2.5514173 0 P 0
L 2.1139764 2.7285827 2.2360236 2.7285827 0 P 0
L 2.1165386 3.8905511 2.1165386 3.9594487 0 P 0
L 2.1165386 3.8905511 2.1539401 3.8905511 0 P 0
L 2.1165386 3.9594487 2.1539401 3.9594487 0 P 0
L 2.1187007 4.1655511 2.1187007 4.2344487 0 P 0
L 2.1435039 2.3555511 2.1435039 2.4244487 0 P 0
L 2.1435039 2.3555511 2.1809054 2.3555511 0 P 0
L 2.1435039 2.4244487 2.1809054 2.4244487 0 P 0
L 2.1494487 4.2982992 2.1494487 4.3357007 0 P 0
L 2.1539401 3.8905511 2.1539401 3.9594487 0 P 0
L 2.1673229 3.4058978 2.1673229 3.4610159 0 P 0
L 2.1809054 2.3555511 2.1809054 2.4244487 0 P 0
L 2.2212993 2.3555513 2.2212993 2.4244489 0 P 0
L 2.2212993 2.3555513 2.2587008 2.3555513 0 P 0
L 2.2212993 2.4244489 2.2587008 2.4244489 0 P 0
L 2.2360236 2.5514173 2.2360236 2.7285827 0 P 0
L 2.2411418 3.246063 2.2411418 3.3149606 0 P 0
L 2.2411418 3.246063 2.2785433 3.246063 0 P 0
L 2.2411418 3.3149606 2.2785433 3.3149606 0 P 0
L 2.2587008 2.3555513 2.2587008 2.4244489 0 P 0
L 2.2724409 4.2326771 2.2724409 4.3173228 0 P 0
L 2.2724409 4.2326771 2.327559 4.2326771 0 P 0
L 2.2724409 4.3173228 2.327559 4.3173228 0 P 0
L 2.2785433 3.246063 2.2785433 3.3149606 0 P 0
L 2.2952992 2.626106 2.2952992 2.6950036 0 P 0
L 2.2952992 2.626106 2.3327007 2.626106 0 P 0
L 2.2952992 2.6950036 2.3327007 2.6950036 0 P 0
L 2.2962993 2.3555513 2.2962993 2.4244489 0 P 0
L 2.2962993 2.3555513 2.3337008 2.3555513 0 P 0
L 2.2962993 2.4244489 2.3337008 2.4244489 0 P 0
L 2.327559 4.2326771 2.327559 4.3173228 0 P 0
L 2.330768 3.2824063 2.330768 3.4438237 0 P 0
L 2.330768 3.2824063 2.4921853 3.2824063 0 P 0
L 2.330768 3.4438237 2.4921853 3.4438237 0 P 0
L 2.3327007 2.626106 2.3327007 2.6950036 0 P 0
L 2.3337008 2.3555513 2.3337008 2.4244489 0 P 0
L 2.3755511 4.0612993 2.3755511 4.0987008 0 P 0
L 2.3755511 4.0612993 2.4444487 4.0612993 0 P 0
L 2.3755511 4.0987008 2.4444487 4.0987008 0 P 0
L 2.3755513 3.9131892 2.3755513 3.9505907 0 P 0
L 2.3755513 3.9131892 2.4444489 3.9131892 0 P 0
L 2.3755513 3.9505907 2.4444489 3.9505907 0 P 0
L 2.3767549 4.2192992 2.3767549 4.2567007 0 P 0
L 2.3767549 4.2192992 2.4456525 4.2192992 0 P 0
L 2.3767549 4.2567007 2.4456525 4.2567007 0 P 0
L 2.3770281 4.2982992 2.3770281 4.3357007 0 P 0
L 2.3770281 4.2982992 2.4459257 4.2982992 0 P 0
L 2.3770281 4.3357007 2.4459257 4.3357007 0 P 0
L 2.3770281 4.3772992 2.3770281 4.4147007 0 P 0
L 2.3770281 4.3772992 2.4459257 4.3772992 0 P 0
L 2.3770281 4.4147007 2.4459257 4.4147007 0 P 0
L 2.3855513 3.5872993 2.3855513 3.6247008 0 P 0
L 2.3855513 3.5872993 2.4544489 3.5872993 0 P 0
L 2.3855513 3.6247008 2.4544489 3.6247008 0 P 0
L 2.3855513 3.6712993 2.3855513 3.7087008 0 P 0
L 2.3855513 3.6712993 2.4544489 3.6712993 0 P 0
L 2.3855513 3.7087008 2.4544489 3.7087008 0 P 0
L 2.3992318 3.9338585 2.3992318 4.0027561 0 P 0
L 2.3992318 3.9338585 2.4366333 3.9338585 0 P 0
L 2.3992318 4.0027561 2.4366333 4.0027561 0 P 0
L 2.3994563 4.0905511 2.3994563 4.1594487 0 P 0
L 2.3994563 4.0905511 2.4368578 4.0905511 0 P 0
L 2.3994563 4.1594487 2.4368578 4.1594487 0 P 0
L 2.4132088 3.183441 2.4132088 3.236589 0 P 0
L 2.4132088 3.183441 2.4958848 3.183441 0 P 0
L 2.4132088 3.236589 2.4958848 3.236589 0 P 0
L 2.4366333 3.9338585 2.4366333 4.0027561 0 P 0
L 2.4368578 4.0905511 2.4368578 4.1594487 0 P 0
L 2.4444487 4.0612993 2.4444487 4.0987008 0 P 0
L 2.4444489 3.9131892 2.4444489 3.9505907 0 P 0
L 2.4456525 4.2192992 2.4456525 4.2567007 0 P 0
L 2.4459257 4.2982992 2.4459257 4.3357007 0 P 0
L 2.4459257 4.3772992 2.4459257 4.4147007 0 P 0
L 2.4544489 3.5872993 2.4544489 3.6247008 0 P 0
L 2.4544489 3.6712993 2.4544489 3.7087008 0 P 0
L 2.4921853 3.2824063 2.4921853 3.4438237 0 P 0
L 2.4958848 3.183441 2.4958848 3.236589 0 P 0
L 2.5120079 2.9817802 2.5120079 3.0487093 0 P 0
L 2.5120079 2.9817802 2.6379921 2.9817802 0 P 0
L 2.5120079 3.0487093 2.6379921 3.0487093 0 P 0
L 2.5501382 3.3217764 2.5501382 3.4044536 0 P 0
L 2.5501382 3.3217764 2.6328154 3.3217764 0 P 0
L 2.5501382 3.4044536 2.6328154 3.4044536 0 P 0
L 2.6328154 3.3217764 2.6328154 3.4044536 0 P 0
L 2.6379921 2.9817802 2.6379921 3.0487093 0 P 0
L 2.6905509 3.7452992 2.6905509 3.7827007 0 P 0
L 2.6905509 3.7452992 2.7594485 3.7452992 0 P 0
L 2.6905509 3.7827007 2.7594485 3.7827007 0 P 0
L 2.6905513 3.6648079 2.6905513 3.7022094 0 P 0
L 2.6905513 3.6648079 2.7594489 3.6648079 0 P 0
L 2.6905513 3.7022094 2.7594489 3.7022094 0 P 0
L 2.6905513 3.7452992 2.6905513 3.7827007 0 P 0
L 2.6905513 3.7452992 2.7594489 3.7452992 0 P 0
L 2.6905513 3.7827007 2.7594489 3.7827007 0 P 0
L 2.6905515 3.6662993 2.6905515 3.7037008 0 P 0
L 2.6905515 3.6662993 2.7594491 3.6662993 0 P 0
L 2.6905515 3.7037008 2.7594491 3.7037008 0 P 0
L 2.6915354 4.2370079 2.6915354 4.3629921 0 P 0
L 2.6915354 4.2370079 2.7584645 4.2370079 0 P 0
L 2.6915354 4.3629921 2.7584645 4.3629921 0 P 0
L 2.748426 3.1800875 2.748426 3.2627635 0 P 0
L 2.748426 3.1800875 2.801574 3.1800875 0 P 0
L 2.748426 3.2627635 2.801574 3.2627635 0 P 0
L 2.748426 3.360163 2.748426 3.442839 0 P 0
L 2.748426 3.360163 2.801574 3.360163 0 P 0
L 2.748426 3.442839 2.801574 3.442839 0 P 0
L 2.7584645 4.2370079 2.7584645 4.3629921 0 P 0
L 2.7594485 3.7452992 2.7594485 3.7827007 0 P 0
L 2.7594489 3.6648079 2.7594489 3.7022094 0 P 0
L 2.7594489 3.7452992 2.7594489 3.7827007 0 P 0
L 2.7594491 3.6662993 2.7594491 3.7037008 0 P 0
L 2.801574 3.1800875 2.801574 3.2627635 0 P 0
L 2.801574 3.360163 2.801574 3.442839 0 P 0
L 2.848426 3.360163 2.848426 3.442839 0 P 0
L 2.848426 3.360163 2.901574 3.360163 0 P 0
L 2.848426 3.442839 2.901574 3.442839 0 P 0
L 2.901574 3.360163 2.901574 3.442839 0 P 0
L 2.9365355 3.3270079 2.9365355 3.4529921 0 P 0
L 2.9365355 3.3270079 3.0034646 3.3270079 0 P 0
L 2.9365355 3.4529921 3.0034646 3.4529921 0 P 0
L 2.9965798 3.8231028 2.9965798 3.933339 0 P 0
L 2.9965798 3.8231028 3.134375 3.8231028 0 P 0
L 2.9965798 3.933339 3.134375 3.933339 0 P 0
L 2.9966386 3.811464 2.9966386 3.9217002 0 P 0
L 2.9966386 3.811464 3.1344338 3.811464 0 P 0
L 2.9966386 3.9217002 3.1344338 3.9217002 0 P 0
L 3.0034646 3.3270079 3.0034646 3.4529921 0 P 0
L 3.134375 3.8231028 3.134375 3.933339 0 P 0
L 3.1344338 3.811464 3.1344338 3.9217002 0 P 0
L 3.1707288 3.5665354 3.1707288 3.6334645 0 P 0
L 3.1707288 3.5665354 3.296713 3.5665354 0 P 0
L 3.1707288 3.5665355 3.1707288 3.6334646 0 P 0
L 3.1707288 3.5665355 3.296713 3.5665355 0 P 0
L 3.1707288 3.6334645 3.296713 3.6334645 0 P 0
L 3.1707288 3.6334646 3.296713 3.6334646 0 P 0
L 3.296713 3.5665354 3.296713 3.6334645 0 P 0
L 3.296713 3.5665355 3.296713 3.6334646 0 P 0
L 3.9361024 2.1998819 3.9361024 2.3101181 0 P 0
L 3.9361024 2.1998819 4.0738976 2.1998819 0 P 0
L 3.9361024 2.3101181 4.0738976 2.3101181 0 P 0
L 4.0738976 2.1998819 4.0738976 2.3101181 0 P 0
P 0.3261945 3.042774 2 P 0 0
P 0.4811945 3.24881 3 P 0 0
P 0.5444297 3.6337868 2 P 0 0
P 1.2588514 3.178 4 P 0 0
P 1.6288591 1.6516618 4 P 0 0
