#Layer_Color=16711935
#
#Feature symbol names
#
$0 r4
$1 r9.8425
$2 r10

#
#Feature attribute names
#

#
#Layer features
#
A 0.1270445 2.6243309 0.1550445 2.6243309 0.1410445 2.6243309 1 P 0 N
A 0.1270445 3.3802364 0.1550445 3.3802364 0.1410445 3.3802364 1 P 0 N
A 0.1270446 0.07315 0.1550446 0.07315 0.1410446 0.07315 0 P 0 N
A 0.1550445 2.8916065 0.1270445 2.8916065 0.1410445 2.8916065 1 P 0 N
A 0.1550445 3.647512 0.1270445 3.647512 0.1410445 3.647512 1 P 0 N
A 0.1550446 0.3404256 0.1270446 0.3404256 0.1410446 0.3404256 1 P 0 N
A 0.4492738 2.0804032 0.4886439 2.0410331 0.4886439 2.0804032 1 P 0 N
A 0.4541936 3.0477167 0.4148235 3.0083466 0.4541936 3.0083466 1 P 0 N
A 0.4886439 2.7615059 0.4492738 2.7221358 0.4886439 2.7221358 1 P 0 N
A 0.5435026 3.0427167 0.5041325 3.0033466 0.5435026 3.0033466 1 P 0 N
A 1.4146386 1.4147224 1.4146386 1.4147224 1.3861386 1.4147224 1 P 0 N
A 1.6146386 1.4147224 1.6146386 1.4147224 1.5861386 1.4147224 1 P 0 N
A 1.8146386 1.4147224 1.8146386 1.4147224 1.7861386 1.4147224 1 P 0 N
A 2.9807712 2.0410331 3.0201413 2.0804032 2.9807712 2.0804032 1 P 0 N
A 2.9847067 3.0083466 2.9453366 3.0477167 2.9453366 3.0083466 1 P 0 N
A 3.0201413 2.7221358 2.9807712 2.7615059 2.9807712 2.7221358 1 P 0 N
A 3.0740157 3.0033466 3.0346456 3.0427167 3.0346456 3.0033466 1 P 0 N
L 0.1270445 2.6243309 0.1270445 2.8916065 1 P 0
L 0.1270445 3.3802364 0.1270445 3.647512 1 P 0
L 0.1270446 0.07315 0.1270446 0.3404256 1 P 0
L 0.1550445 2.6243309 0.1550445 2.8916065 1 P 0
L 0.1550445 3.3802364 0.1550445 3.647512 1 P 0
L 0.1550446 0.07315 0.1550446 0.3404256 1 P 0
L 0.4118706 2.53 2.9827381 2.53 2 P 0
L 0.4148235 2.53 0.4148235 3.0083466 1 P 0
L 0.4492737 2.0804032 0.4492737 2.4012697 1 P 0
L 0.4492737 2.4012697 0.4492737 2.7221358 1 P 0
L 0.4541936 2.5300002 0.4541936 3.0477165 1 P 0
L 0.4541936 3.0477165 2.9463209 3.0477165 1 P 0
L 0.4886439 2.041033 0.4886439 2.4012697 1 P 0
L 0.4886439 2.041033 2.9807712 2.041033 1 P 0
L 0.4886439 2.4012697 0.4886439 2.761506 1 P 0
L 0.4886439 2.761506 2.9807712 2.761506 1 P 0
L 0.5011796 2.525 3.0720471 2.525 2 P 0
L 0.5041325 2.525 0.5041325 3.0033466 1 P 0
L 0.5435026 2.5250002 0.5435026 3.0427165 1 P 0
L 0.5435026 3.0427165 3.0356299 3.0427165 1 P 0
L 2.9463209 2.5300002 2.9463209 3.0477165 1 P 0
L 2.9807712 2.041033 2.9807712 2.4012697 1 P 0
L 2.9807712 2.4012697 2.9807712 2.761506 1 P 0
L 3.0201413 2.0804032 3.0201413 2.4012697 1 P 0
L 3.0201413 2.4012697 3.0201413 2.7221358 1 P 0
L 3.0356299 2.5250002 3.0356299 3.0427165 1 P 0
