#Layer_Color=32768
#
#Feature symbol names
#
$0 r1.9685
$1 r3.937

#
#Feature attribute names
#

#
#Layer features
#
L -0.0000001 1.0612992 -0.0000001 1.0987007 1 P 0
L 0.0000001 1.5062993 0.0000001 1.5437008 1 P 0
L 0.008189 -0.0265748 0.1613386 -0.0265748 1 P 0
L 0.008189 -0.1604331 0.008189 -0.0265748 1 P 0
L 0.008189 -0.1604331 0.1613386 -0.1604331 1 P 0
L 0.0093386 -0.1290159 0.0093386 0.0048424 1 P 0
L 0.0102992 0.9340001 0.0477007 0.9340001 1 P 0
L -0.0123386 0.8542757 -0.0123386 1.0137245 1 P 0
L -0.0123386 0.8542757 0.0703385 0.8542757 1 P 0
L -0.0123386 1.0137245 0.0703385 1.0137245 1 P 0
L -0.0187007 1.525 0.0187009 1.525 1 P 0
L -0.0187009 1.08 0.0187007 1.08 1 P 0
L -0.018788 0.847984 -0.018788 1.019244 1 P 0
L 0.0202757 0.7086615 0.0202757 0.7913386 1 P 0
L 0.0202757 0.7086615 0.1797245 0.7086615 1 P 0
L 0.0202757 0.7913386 0.1797245 0.7913386 1 P 0
L -0.0249994 -0.5096861 -0.0249994 -0.4703141 1 P 0
L 0.029 0.9152993 0.029 0.9527009 1 P 0
L 0.0380085 -0.8349606 0.0380085 -0.7522835 1 P 0
L -0.0417159 -0.8123228 -0.0417159 -0.7749213 1 P 0
L -0.0446854 -0.4900001 -0.0053154 -0.4900001 1 P 0
L -0.0602755 0.7118341 -0.0602755 0.7945112 1 P 0
L -0.0604167 -0.793622 -0.0230151 -0.793622 1 P 0
L 0.0654726 -0.0935039 0.1048427 -0.0935039 1 P 0
L -0.0670394 -0.0817718 -0.0670394 -0.0424017 1 P 0
L -0.068 0.91393 -0.068 0.9533 1 P 0
L 0.0703385 0.8542757 0.0703385 1.0137245 1 P 0
L 0.0797243 1.0386614 0.0797243 1.1213385 1 P 0
L -0.0797243 1.4836615 -0.0797243 1.5663386 1 P 0
L -0.0797243 1.4836615 0.0797245 1.4836615 1 P 0
L -0.0797243 1.5663386 0.0797245 1.5663386 1 P 0
L -0.0797245 1.0386614 0.0797243 1.0386614 1 P 0
L -0.0797245 1.0386614 -0.0797245 1.1213385 1 P 0
L -0.0797245 1.1213385 0.0797243 1.1213385 1 P 0
L 0.0797245 1.4836615 0.0797245 1.5663386 1 P 0
L 0.0812993 0.75 0.1187009 0.75 1 P 0
L 0.0849606 -0.113189 0.0849606 -0.0738189 1 P 0
L -0.0865274 -0.0620867 -0.0471573 -0.0620867 1 P 0
L -0.087686 0.933614 -0.048314 0.933614 1 P 0
L 0.1000001 0.7312993 0.1000001 0.7687008 1 P 0
L -0.1017874 1.2134173 -0.1017874 1.3905827 1 P 0
L 0.1067874 1.2134173 0.1067874 1.3905827 1 P 0
L 0.1067874 1.2134173 0.2052126 1.2134173 1 P 0
L 0.1067874 1.3905827 0.2052126 1.3905827 1 P 0
L 0.116209 1.0102757 0.116209 1.1697245 1 P 0
L 0.116209 1.0102757 0.1988861 1.0102757 1 P 0
L 0.116209 1.1697245 0.1988861 1.1697245 1 P 0
L -0.117212 0.847984 -0.018788 0.847984 1 P 0
L -0.117212 0.847984 -0.117212 1.019244 1 P 0
L -0.117212 1.019244 -0.018788 1.019244 1 P 0
L -0.1214403 -0.7522835 0.0380085 -0.7522835 1 P 0
L -0.1214403 -0.8349606 0.0380085 -0.8349606 1 P 0
L -0.1214403 -0.8349606 -0.1214403 -0.7522835 1 P 0
L -0.1248339 0.8710546 -0.1248339 0.9990086 1 P 0
L 0.1276614 0.8422757 0.1276614 1.0017245 1 P 0
L 0.1276614 0.8422757 0.2103385 0.8422757 1 P 0
L 0.1276614 1.0017245 0.2103385 1.0017245 1 P 0
L 0.136315 1.302 0.175685 1.302 1 P 0
L 0.1388468 1.0900001 0.1762483 1.0900001 1 P 0
L 0.1394724 0.4311024 0.1394724 0.5688977 0 P 0
L 0.1394724 0.4311024 0.2457717 0.4311024 0 P 0
L 0.1394724 0.5688977 0.2457717 0.5688977 0 P 0
L -0.1399999 0.7344719 -0.1399999 0.7718734 1 P 0
L -0.1436614 -0.1297245 -0.1436614 0.0297243 1 P 0
L -0.143811 0.0048424 0.0093386 0.0048424 1 P 0
L -0.143811 -0.1290159 0.0093386 -0.1290159 1 P 0
L -0.143811 -0.1290159 -0.143811 0.0048424 1 P 0
L 0.1502992 0.9220001 0.1877007 0.9220001 1 P 0
L -0.151 1.282315 -0.151 1.321685 1 P 0
L 0.156 1.282315 0.156 1.321685 1 P 0
L 0.1575476 1.0712993 0.1575476 1.1087009 1 P 0
L -0.1582679 0.4687246 -0.1582679 0.8092766 1 P 0
L -0.1587007 0.7531726 -0.1212991 0.7531726 1 P 0
L 0.1613386 -0.1604331 0.1613386 -0.0265748 1 P 0
L 0.169 0.9032993 0.169 0.9407009 1 P 0
L -0.170685 1.302 -0.131315 1.302 1 P 0
L 0.172937 0.5 0.2123071 0.5 1 P 0
L -0.1769999 0.9153466 -0.1769999 0.9547166 1 P 0
L -0.1786615 0.1552757 -0.1786615 0.3147245 1 P 0
L 0.1797245 0.7086615 0.1797245 0.7913386 1 P 0
L 0.1797246 -0.6947241 0.1797246 -0.2852761 1 P 0
L -0.185 -0.0687009 -0.185 -0.0312993 1 P 0
L -0.1902757 -0.8049212 -0.1902757 -0.7222441 1 P 0
L -0.1907476 -0.8813386 -0.1907476 -0.7986615 1 P 0
L 0.192622 0.480315 0.192622 0.5196851 1 P 0
L -0.192756 1.617788 -0.192756 1.716212 1 P 0
L 0.1927874 1.6404173 0.1927874 1.8175827 1 P 0
L 0.1927874 1.6404173 0.2912126 1.6404173 1 P 0
L 0.1927874 1.8175827 0.2912126 1.8175827 1 P 0
L -0.1936614 1.2412755 -0.1936614 1.4007243 1 P 0
L -0.1943159 1.0327326 -0.1943159 1.2492686 1 P 0
L -0.1966859 0.9350306 -0.1573159 0.9350306 1 P 0
L 0.1988861 1.0102757 0.1988861 1.1697245 1 P 0
L 0.1996614 1.4352757 0.1996614 1.5947245 1 P 0
L 0.1996614 1.4352757 0.2823385 1.4352757 1 P 0
L 0.1996614 1.5947245 0.2823385 1.5947245 1 P 0
L -0.2002126 1.2134173 -0.1017874 1.2134173 1 P 0
L -0.2002126 1.2134173 -0.2002126 1.3905827 1 P 0
L -0.2002126 1.3905827 -0.1017874 1.3905827 1 P 0
L -0.2002757 -0.3313386 -0.2002757 -0.2486615 1 P 0
L -0.2037007 -0.0500001 -0.1662992 -0.0500001 1 P 0
L 0.2052126 1.2134173 0.2052126 1.3905827 1 P 0
L 0.2086614 -0.0452755 0.2913385 -0.0452755 1 P 0
L 0.2086614 -0.2047243 0.2086614 -0.0452755 1 P 0
L 0.2086614 -0.2047243 0.2913385 -0.2047243 1 P 0
L 0.2103385 0.8422757 0.2103385 1.0017245 1 P 0
L 0.2126615 0.8422755 0.2126615 1.0017243 1 P 0
L 0.2126615 0.8422755 0.2953386 0.8422755 1 P 0
L 0.2126615 1.0017243 0.2953386 1.0017243 1 P 0
L 0.2130795 0.5502757 0.2130795 0.7097245 1 P 0
L 0.2130795 0.5502757 0.2957566 0.5502757 1 P 0
L 0.2130795 0.7097245 0.2957566 0.7097245 1 P 0
L -0.2160246 1.4828341 -0.2160246 1.5871661 1 P 0
L 0.2186615 0.2402755 0.2186615 0.3997243 1 P 0
L 0.2186615 0.2402755 0.3013386 0.2402755 1 P 0
L 0.2186615 0.3997243 0.3013386 0.3997243 1 P 0
L -0.2197243 0.7118341 -0.0602755 0.7118341 1 P 0
L -0.2197243 0.7118341 -0.2197243 0.7945112 1 P 0
L -0.2197243 0.7945112 -0.0602755 0.7945112 1 P 0
L -0.22 0.2162993 -0.22 0.2537009 1 P 0
L 0.2222992 1.5150001 0.2597007 1.5150001 1 P 0
L 0.222315 1.729 0.261685 1.729 1 P 0
L 0.2232869 -0.7386615 0.3827357 -0.7386615 1 P 0
L 0.2232869 -0.8213386 0.2232869 -0.7386615 1 P 0
L 0.2232869 -0.8213386 0.3827357 -0.8213386 1 P 0
L 0.2232871 -0.8236614 0.3827359 -0.8236614 1 P 0
L 0.2232871 -0.9063385 0.2232871 -0.8236614 1 P 0
L 0.2232871 -0.9063385 0.3827359 -0.9063385 1 P 0
L -0.2263385 0.0297243 -0.1436614 0.0297243 1 P 0
L -0.2263385 -0.1297245 -0.1436614 -0.1297245 1 P 0
L -0.2263385 -0.1297245 -0.2263385 0.0297243 1 P 0
L 0.2283141 1.0227326 0.2283141 1.2392686 1 P 0
L 0.2283141 1.0227326 0.5176841 1.0227326 1 P 0
L 0.2283141 1.2392686 0.5176841 1.2392686 1 P 0
L -0.2283465 -0.2175197 -0.2283465 0.0935039 0 P 0
L -0.2291659 0.8710546 -0.1248339 0.8710546 1 P 0
L -0.2291659 0.8710546 -0.2291659 0.9990086 1 P 0
L -0.2291659 0.9990086 -0.1248339 0.9990086 1 P 0
L -0.2297234 -0.2852761 0.1797246 -0.2852761 1 P 0
L -0.2297234 -0.6947241 0.1797246 -0.6947241 1 P 0
L -0.2297234 -0.6947241 -0.2297234 -0.2852761 1 P 0
L 0.2312763 0.7118341 0.2312763 0.7945112 1 P 0
L 0.2312763 0.7118341 0.3907251 0.7118341 1 P 0
L 0.2312763 0.7945112 0.3907251 0.7945112 1 P 0
L 0.2312992 -0.1249999 0.2687007 -0.1249999 1 P 0
L -0.235 1.3022991 -0.235 1.3397007 1 P 0
L 0.2352993 0.9219999 0.2727008 0.9219999 1 P 0
L 0.2357173 0.6300001 0.2731188 0.6300001 1 P 0
L -0.2387008 0.2350001 -0.2012993 0.2350001 1 P 0
L 0.241 1.4962993 0.241 1.5337009 1 P 0
L 0.2412993 0.3199999 0.2787008 0.3199999 1 P 0
L 0.242 1.709315 0.242 1.748685 1 P 0
L 0.2457717 0.4311024 0.2457717 0.5688977 0 P 0
L 0.25 -0.1437007 0.25 -0.1062991 1 P 0
L -0.2526851 0.1552757 -0.2526851 0.3147245 1 P 0
L -0.2537007 1.3209999 -0.2162992 1.3209999 1 P 0
L 0.254 0.9032991 0.254 0.9407007 1 P 0
L 0.2544181 0.6112993 0.2544181 0.6487009 1 P 0
L 0.26 0.3012991 0.26 0.3387007 1 P 0
L -0.2613386 0.1552757 -0.1786615 0.1552757 1 P 0
L -0.2613386 0.1552757 -0.2613386 0.3147245 1 P 0
L -0.2613386 0.3147245 -0.1786615 0.3147245 1 P 0
L -0.2694173 1.7287874 -0.2694173 1.8272126 1 P 0
L -0.2700001 -0.7822834 -0.2700001 -0.7448819 1 P 0
L -0.270472 -0.8587008 -0.270472 -0.8212993 1 P 0
L -0.2763385 1.2412755 -0.1936614 1.2412755 1 P 0
L -0.2763385 1.2412755 -0.2763385 1.4007243 1 P 0
L -0.2763385 1.4007243 -0.1936614 1.4007243 1 P 0
L -0.278386 1.647314 -0.278386 1.686686 1 P 0
L -0.2800001 -0.3087008 -0.2800001 -0.2712993 1 P 0
L -0.2800006 1.5153141 -0.2800006 1.5546841 1 P 0
L 0.2823385 1.4352757 0.2823385 1.5947245 1 P 0
L 0.2836614 -0.0452755 0.3663385 -0.0452755 1 P 0
L 0.2836614 -0.2047243 0.2836614 -0.0452755 1 P 0
L 0.2836614 -0.2047243 0.3663385 -0.2047243 1 P 0
L 0.2843105 -0.78 0.3217121 -0.78 1 P 0
L 0.2843107 -0.865 0.3217123 -0.865 1 P 0
L -0.2887009 -0.7635826 -0.2512993 -0.7635826 1 P 0
L -0.2891728 -0.84 -0.2517712 -0.84 1 P 0
L 0.2912126 1.6404173 0.2912126 1.8175827 1 P 0
L 0.2913385 -0.2047243 0.2913385 -0.0452755 1 P 0
L 0.2922999 0.7531726 0.3297015 0.7531726 1 P 0
L -0.2940236 0.2162993 -0.2940236 0.2537009 1 P 0
L 0.2953386 0.8422755 0.2953386 1.0017243 1 P 0
L 0.2957566 0.5502757 0.2957566 0.7097245 1 P 0
L 0.297984 1.751788 0.297984 1.850212 1 P 0
L 0.297984 1.751788 0.469244 1.751788 1 P 0
L 0.297984 1.850212 0.469244 1.850212 1 P 0
L -0.29807 1.667 -0.2587 1.667 1 P 0
L -0.2987009 -0.29 -0.2612993 -0.29 1 P 0
L -0.2992126 -0.0816929 -0.2992126 -0.0423228 1 P 0
L -0.2996846 1.5350001 -0.2603146 1.5350001 1 P 0
L -0.2999999 0.6193146 -0.2999999 0.6586846 1 P 0
L 0.3013386 0.2402755 0.3013386 0.3997243 1 P 0
L 0.3030113 -0.7987008 0.3030113 -0.7612993 1 P 0
L 0.3030115 -0.8837007 0.3030115 -0.8462992 1 P 0
L 0.3062992 -0.1249999 0.3437007 -0.1249999 1 P 0
L 0.3090551 0.1033465 0.3090551 0.4143701 0 P 0
L 0.3090551 0.1033465 0.4507874 0.1033465 0 P 0
L 0.3090551 0.4143701 0.4507874 0.4143701 0 P 0
L 0.3110007 0.7344719 0.3110007 0.7718734 1 P 0
L 0.3123141 1.4677326 0.3123141 1.6842686 1 P 0
L 0.3123141 1.4677326 0.6016841 1.4677326 1 P 0
L 0.3123141 1.6842686 0.6016841 1.6842686 1 P 0
L -0.3127244 0.2350001 -0.2753229 0.2350001 1 P 0
L 0.3152755 1.3436614 0.3152755 1.4263385 1 P 0
L 0.3152755 1.3436614 0.4747243 1.3436614 1 P 0
L 0.3152755 1.4263385 0.4747243 1.4263385 1 P 0
L -0.3188977 -0.0620079 -0.2795276 -0.0620079 1 P 0
L -0.3196859 0.6390006 -0.2803139 0.6390006 1 P 0
L 0.325 -0.1437007 0.325 -0.1062991 1 P 0
L 0.3296615 0.4202755 0.3296615 0.5797243 1 P 0
L 0.3296615 0.4202755 0.4123386 0.4202755 1 P 0
L 0.3296615 0.5797243 0.4123386 0.5797243 1 P 0
L -0.3353622 0.1552757 -0.2526851 0.1552757 1 P 0
L -0.3353622 0.1552757 -0.3353622 0.3147245 1 P 0
L -0.3353622 0.3147245 -0.2526851 0.3147245 1 P 0
L -0.3389999 1.1213146 -0.3389999 1.1606846 1 P 0
L -0.3439766 1.4828341 -0.2160246 1.4828341 1 P 0
L -0.3439766 1.4828341 -0.3439766 1.5871661 1 P 0
L -0.3439766 1.5871661 -0.2160246 1.5871661 1 P 0
L -0.3472755 0.3146615 -0.3472755 0.3973386 1 P 0
L -0.3497245 -0.7222441 -0.1902757 -0.7222441 1 P 0
L -0.3497245 -0.8049212 -0.1902757 -0.8049212 1 P 0
L -0.3497245 -0.8049212 -0.3497245 -0.7222441 1 P 0
L -0.3501964 -0.7986615 -0.1907476 -0.7986615 1 P 0
L -0.3501964 -0.8813386 -0.1907476 -0.8813386 1 P 0
L -0.3501964 -0.8813386 -0.3501964 -0.7986615 1 P 0
L 0.3522993 0.4999999 0.3897008 0.4999999 1 P 0
L 0.3533141 1.1310006 0.3926841 1.1310006 1 P 0
L -0.3578975 0.237441 -0.3578975 0.2925591 1 P 0
L -0.358 1.758315 -0.358 1.797685 1 P 0
L -0.3586614 -0.32993 -0.3586614 -0.1704812 1 P 0
L -0.3586859 1.1410006 -0.3193159 1.1410006 1 P 0
L -0.3597245 -0.2486615 -0.2002757 -0.2486615 1 P 0
L -0.3597245 -0.3313386 -0.2002757 -0.3313386 1 P 0
L -0.3597245 -0.3313386 -0.3597245 -0.2486615 1 P 0
L 0.3602362 0.2588583 0.3996063 0.2588583 1 P 0
L 0.3636614 -0.0697243 0.3636614 0.0897245 1 P 0
L 0.3636614 -0.0697243 0.4463385 -0.0697243 1 P 0
L 0.3636614 0.0897245 0.4463385 0.0897245 1 P 0
L 0.36393 1.801 0.4033 1.801 1 P 0
L -0.364016 1.617788 -0.192756 1.617788 1 P 0
L -0.364016 1.617788 -0.364016 1.716212 1 P 0
L -0.364016 1.716212 -0.192756 1.716212 1 P 0
L 0.3663385 -0.2047243 0.3663385 -0.0452755 1 P 0
L -0.3700788 0.0935039 -0.2283465 0.0935039 0 P 0
L -0.3700788 -0.2175197 -0.2283465 -0.2175197 0 P 0
L -0.3700788 -0.2175197 -0.3700788 0.0935039 0 P 0
L 0.371 0.4812991 0.371 0.5187007 1 P 0
L 0.3730001 1.1113146 0.3730001 1.1506846 1 P 0
L 0.3762991 1.385 0.4137007 1.385 1 P 0
L -0.377685 1.778 -0.338315 1.778 1 P 0
L 0.3799213 0.2391733 0.3799213 0.2785434 1 P 0
L 0.3827357 -0.8213386 0.3827357 -0.7386615 1 P 0
L 0.3827359 -0.9063385 0.3827359 -0.8236614 1 P 0
L 0.383614 1.781314 0.383614 1.820686 1 P 0
L 0.3862992 0.0100001 0.4237007 0.0100001 1 P 0
L 0.3907251 0.7118341 0.3907251 0.7945112 1 P 0
L -0.3945669 -0.511811 -0.3945669 -0.3586614 1 P 0
L -0.3945669 -0.6713391 -0.3945669 -0.5181895 1 P 0
L 0.3949999 1.3662992 0.3949999 1.4037007 1 P 0
L -0.4 -0.2689064 -0.4 -0.2315048 1 P 0
L -0.4023622 -0.9082677 -0.4023622 -0.6917323 1 P 0
L 0.4038977 -0.4286614 0.5633465 -0.4286614 1 P 0
L 0.4038977 -0.4986614 0.5633465 -0.4986614 1 P 0
L 0.4038977 -0.5113385 0.4038977 -0.4286614 1 P 0
L 0.4038977 -0.5113385 0.5633465 -0.5113385 1 P 0
L 0.4038977 -0.5786614 0.5633465 -0.5786614 1 P 0
L 0.4038977 -0.5813385 0.4038977 -0.4986614 1 P 0
L 0.4038977 -0.5813385 0.5633465 -0.5813385 1 P 0
L 0.4038977 -0.6613385 0.4038977 -0.5786614 1 P 0
L 0.4038977 -0.6613385 0.5633465 -0.6613385 1 P 0
L 0.405 -0.0087007 0.405 0.0287009 1 P 0
L 0.4057481 -0.2702755 0.4884252 -0.2702755 1 P 0
L 0.4057481 -0.4297243 0.4057481 -0.2702755 1 P 0
L 0.4057481 -0.4297243 0.4884252 -0.4297243 1 P 0
L 0.4123386 0.4202755 0.4123386 0.5797243 1 P 0
L 0.4136615 0.4202755 0.4136615 0.5797243 1 P 0
L 0.4136615 0.4202755 0.4963386 0.4202755 1 P 0
L 0.4136615 0.5797243 0.4963386 0.5797243 1 P 0
L 0.4138976 0.7086614 0.4138976 0.7913385 1 P 0
L 0.4138976 0.7086614 0.5733464 0.7086614 1 P 0
L 0.4138976 0.7913385 0.5733464 0.7913385 1 P 0
L -0.4139999 0.2472835 -0.4139999 0.2827165 1 P 0
L -0.4152755 0.0055315 -0.4152755 0.0882086 1 P 0
L -0.4152755 -0.0813385 -0.4152755 0.0013386 1 P 0
L -0.4152755 -0.168441 -0.4152755 -0.0857639 1 P 0
L -0.4186614 0.8425827 -0.4186614 1.0020315 1 P 0
L -0.4187007 -0.2502056 -0.3812992 -0.2502056 1 P 0
L -0.4269999 0.3372993 -0.4269999 0.3747008 1 P 0
L 0.4283859 -0.3499999 0.4657874 -0.3499999 1 P 0
L -0.4317164 0.265 -0.3962834 0.265 1 P 0
L 0.4362993 0.4999999 0.4737008 0.4999999 1 P 0
L 0.4373141 1.5760006 0.4766841 1.5760006 1 P 0
L 0.4386614 -0.0697243 0.4386614 0.0897245 1 P 0
L 0.4386614 -0.0697243 0.5213385 -0.0697243 1 P 0
L 0.4386614 0.0897245 0.5213385 0.0897245 1 P 0
L -0.4413385 -0.1704812 -0.3586614 -0.1704812 1 P 0
L -0.4413385 -0.32993 -0.3586614 -0.32993 1 P 0
L -0.4413385 -0.32993 -0.4413385 -0.1704812 1 P 0
L -0.4417319 0.4687246 -0.1582679 0.4687246 1 P 0
L -0.4417319 0.4687246 -0.4417319 0.8092766 1 P 0
L -0.4417319 0.8092766 -0.1582679 0.8092766 1 P 0
L -0.4457007 0.356 -0.4082991 0.356 1 P 0
L 0.4463385 -0.0697243 0.4463385 0.0897245 1 P 0
L -0.4465827 1.7287874 -0.2694173 1.7287874 1 P 0
L -0.4465827 1.7287874 -0.4465827 1.8272126 1 P 0
L -0.4465827 1.8272126 -0.2694173 1.8272126 1 P 0
L -0.4470781 -0.32993 -0.4470781 -0.1704812 1 P 0
L 0.4470867 -0.3687007 0.4470867 -0.3312991 1 P 0
L -0.4476614 0.5972755 -0.4476614 0.7567243 1 P 0
L -0.4493159 1.4877326 -0.4493159 1.7042686 1 P 0
L 0.4507874 0.1033465 0.4507874 0.4143701 0 P 0
L 0.455 0.4812991 0.455 0.5187007 1 P 0
L 0.4570001 1.5563146 0.4570001 1.5956846 1 P 0
L -0.46 0.9036063 -0.46 0.9410079 1 P 0
L 0.4612992 0.0100001 0.4987007 0.0100001 1 P 0
L -0.4614961 -0.4545274 -0.4614961 -0.4151573 1 P 0
L -0.4614961 -0.6140555 -0.4614961 -0.5746854 1 P 0
L 0.4649213 -0.47 0.5023229 -0.47 1 P 0
L 0.4649213 -0.54 0.5023229 -0.54 1 P 0
L 0.4649213 -0.62 0.5023229 -0.62 1 P 0
L 0.469244 1.751788 0.469244 1.850212 1 P 0
L -0.4701023 0.237441 -0.3578975 0.237441 1 P 0
L -0.4701023 0.237441 -0.4701023 0.2925591 1 P 0
L -0.4701023 0.2925591 -0.3578975 0.2925591 1 P 0
L 0.4708341 0.8710546 0.4708341 0.9990066 1 P 0
L 0.4708341 0.8710546 0.5751661 0.8710546 1 P 0
L 0.4708341 0.9990066 0.5751661 0.9990066 1 P 0
L 0.4747243 1.3436614 0.4747243 1.4263385 1 P 0
L 0.4749212 0.75 0.5123228 0.75 1 P 0
L -0.4787007 0.9223071 -0.4412992 0.9223071 1 P 0
L 0.48 -0.0087007 0.48 0.0287009 1 P 0
L -0.4811811 -0.4350394 -0.441811 -0.4350394 1 P 0
L -0.4811811 -0.5945675 -0.441811 -0.5945675 1 P 0
L 0.4836221 -0.4887007 0.4836221 -0.4512992 1 P 0
L 0.4836221 -0.5587007 0.4836221 -0.5212992 1 P 0
L 0.4836221 -0.6387007 0.4836221 -0.6012992 1 P 0
L -0.4836859 1.0327326 -0.1943159 1.0327326 1 P 0
L -0.4836859 1.0327326 -0.4836859 1.2492686 1 P 0
L -0.4836859 1.2492686 -0.1943159 1.2492686 1 P 0
L 0.485079 -0.2702757 0.5677561 -0.2702757 1 P 0
L 0.485079 -0.4297245 0.485079 -0.2702757 1 P 0
L 0.485079 -0.4297245 0.5677561 -0.4297245 1 P 0
L -0.4884167 -0.2689064 -0.4884167 -0.2315048 1 P 0
L 0.4884252 -0.4297243 0.4884252 -0.2702755 1 P 0
L -0.489 0.6582991 -0.489 0.6957007 1 P 0
L 0.493622 0.7312992 0.493622 0.7687007 1 P 0
L 0.4936614 0.4202757 0.4936614 0.5797245 1 P 0
L 0.4936614 0.4202757 0.5763385 0.4202757 1 P 0
L 0.4936614 0.5797245 0.5763385 0.5797245 1 P 0
L -0.4949999 0.0281693 -0.4949999 0.0655708 1 P 0
L -0.4949999 -0.0587007 -0.4949999 -0.0212992 1 P 0
L -0.4949999 -0.1458032 -0.4949999 -0.1084017 1 P 0
L 0.4952757 1.3436615 0.4952757 1.4263386 1 P 0
L 0.4952757 1.3436615 0.6547245 1.3436615 1 P 0
L 0.4952757 1.4263386 0.6547245 1.4263386 1 P 0
L 0.4963386 0.4202755 0.4963386 0.5797243 1 P 0
L -0.5013385 0.8425827 -0.4186614 0.8425827 1 P 0
L -0.5013385 0.8425827 -0.5013385 1.0020315 1 P 0
L -0.5013385 1.0020315 -0.4186614 1.0020315 1 P 0
L 0.5033141 0.9350306 0.5426841 0.9350306 1 P 0
L -0.5067243 0.3146615 -0.3472755 0.3146615 1 P 0
L -0.5067243 0.3146615 -0.5067243 0.3973386 1 P 0
L -0.5067243 0.3973386 -0.3472755 0.3973386 1 P 0
L -0.5071174 -0.2502056 -0.4697159 -0.2502056 1 P 0
L -0.5077007 0.6769999 -0.4702992 0.6769999 1 P 0
L 0.5077168 -0.3500001 0.5451183 -0.3500001 1 P 0
L -0.511788 1.061756 -0.511788 1.233016 1 P 0
L -0.5137007 -0.04 -0.4762991 -0.04 1 P 0
L -0.5137007 0.04687 -0.4762991 0.04687 1 P 0
L -0.5137007 -0.1271025 -0.4762991 -0.1271025 1 P 0
L 0.5162992 0.5000001 0.5537007 0.5000001 1 P 0
L 0.5176841 1.0227326 0.5176841 1.2392686 1 P 0
L 0.5186615 -0.0502757 0.6013387 -0.0502757 1 P 0
L 0.5186615 -0.2097246 0.5186615 -0.0502757 1 P 0
L 0.5186615 -0.2097246 0.6013386 -0.2097245 1 P 0
L 0.5213385 -0.0697243 0.5213385 0.0897245 1 P 0
L 0.5230001 0.9153446 0.5230001 0.9547146 1 P 0
L 0.5264175 -0.3687009 0.5264175 -0.3312993 1 P 0
L -0.5284252 -0.3586614 -0.3945669 -0.3586614 1 P 0
L -0.5284252 -0.511811 -0.3945669 -0.511811 1 P 0
L -0.5284252 -0.511811 -0.5284252 -0.3586614 1 P 0
L -0.5284252 -0.5181895 -0.3945669 -0.5181895 1 P 0
L -0.5284252 -0.6713391 -0.3945669 -0.6713391 1 P 0
L -0.5284252 -0.6713391 -0.5284252 -0.5181895 1 P 0
L -0.5296615 0.8422757 -0.5296615 1.0017245 1 P 0
L -0.5297552 -0.1704812 -0.4470781 -0.1704812 1 P 0
L -0.5297552 -0.32993 -0.4470781 -0.32993 1 P 0
L -0.5297552 -0.32993 -0.5297552 -0.1704812 1 P 0
L -0.5303385 0.5972755 -0.4476614 0.5972755 1 P 0
L -0.5303385 0.5972755 -0.5303385 0.7567243 1 P 0
L -0.5303385 0.7567243 -0.4476614 0.7567243 1 P 0
L -0.5306614 1.2912755 -0.5306614 1.4507243 1 P 0
L 0.535 0.4812993 0.535 0.5187009 1 P 0
L 0.5412993 -0.1300001 0.5787008 -0.1300001 1 P 0
L -0.55 -0.819685 -0.55 -0.780315 1 P 0
L 0.5562993 1.385 0.5937009 1.385 1 P 0
L 0.56 -0.1487009 0.56 -0.1112993 1 P 0
L -0.561 1.1277 -0.561 1.16707 1 P 0
L 0.5612757 0.3046615 0.5612757 0.3873386 1 P 0
L 0.5612757 0.3046615 0.7207245 0.3046615 1 P 0
L 0.5612757 0.3873386 0.7207245 0.3873386 1 P 0
L 0.5633465 -0.5113385 0.5633465 -0.4286614 1 P 0
L 0.5633465 -0.5813385 0.5633465 -0.4986614 1 P 0
L 0.5633465 -0.6613385 0.5633465 -0.5786614 1 P 0
L 0.5677561 -0.4297245 0.5677561 -0.2702757 1 P 0
L -0.569685 -0.8 -0.530315 -0.8 1 P 0
L -0.571 0.9032993 -0.571 0.9407009 1 P 0
L -0.572 1.3522991 -0.572 1.3897007 1 P 0
L 0.5733464 0.7086614 0.5733464 0.7913385 1 P 0
L -0.5747243 0.0013386 -0.4152755 0.0013386 1 P 0
L -0.5747243 0.0055315 -0.4152755 0.0055315 1 P 0
L -0.5747243 0.0055315 -0.5747243 0.0882086 1 P 0
L -0.5747243 -0.0813385 -0.4152755 -0.0813385 1 P 0
L -0.5747243 -0.0813385 -0.5747243 0.0013386 1 P 0
L -0.5747243 -0.0857639 -0.4152755 -0.0857639 1 P 0
L -0.5747243 0.0882086 -0.4152755 0.0882086 1 P 0
L -0.5747243 -0.168441 -0.4152755 -0.168441 1 P 0
L -0.5747243 -0.168441 -0.5747243 -0.0857639 1 P 0
L 0.5750001 1.3662993 0.5750001 1.4037008 1 P 0
L 0.5751661 0.8710546 0.5751661 0.9990066 1 P 0
L 0.5763385 0.4202757 0.5763385 0.5797245 1 P 0
L 0.578788 0.924756 0.578788 1.096016 1 P 0
L 0.578788 0.924756 0.677212 0.924756 1 P 0
L 0.578788 1.096016 0.677212 1.096016 1 P 0
L -0.580686 1.147386 -0.541314 1.147386 1 P 0
L -0.5897008 0.9220001 -0.5522993 0.9220001 1 P 0
L -0.5907007 1.3709999 -0.5532992 1.3709999 1 P 0
L -0.5939999 1.5763146 -0.5939999 1.6156846 1 P 0
L 0.5968977 0.238441 0.5968977 0.2935591 1 P 0
L 0.5968977 0.238441 0.7091025 0.238441 1 P 0
L 0.5968977 0.2935591 0.7091025 0.2935591 1 P 0
L 0.5986615 -0.0502757 0.6813386 -0.0502757 1 P 0
L 0.5986615 -0.2097245 0.5986615 -0.0502757 1 P 0
L 0.5986615 -0.2097245 0.6813386 -0.2097245 1 P 0
L 0.5986615 -0.8502757 0.6813386 -0.8502757 1 P 0
L 0.5986615 -1.0097245 0.5986615 -0.8502757 1 P 0
L 0.5986615 -1.0097245 0.6813386 -1.0097245 1 P 0
L 0.5998897 -0.6838581 0.6825668 -0.6838581 1 P 0
L 0.5998897 -0.8433069 0.5998897 -0.6838581 1 P 0
L 0.5998897 -0.8433069 0.6825668 -0.8433069 1 P 0
L -0.6002755 -0.6513385 -0.6002755 -0.5686614 1 P 0
L -0.6002757 -0.5713386 -0.6002757 -0.4886615 1 P 0
L 0.6013386 -0.2097245 0.6013387 -0.0502757 1 P 0
L 0.6016841 1.4677326 0.6016841 1.6842686 1 P 0
L 0.608314 1.010386 0.647686 1.010386 1 P 0
L -0.610212 1.061756 -0.511788 1.061756 1 P 0
L -0.610212 1.061756 -0.610212 1.233016 1 P 0
L -0.610212 1.233016 -0.511788 1.233016 1 P 0
L -0.6123386 0.8422757 -0.5296615 0.8422757 1 P 0
L -0.6123386 0.8422757 -0.6123386 1.0017245 1 P 0
L -0.6123386 1.0017245 -0.5296615 1.0017245 1 P 0
L -0.6133385 1.2912755 -0.5306614 1.2912755 1 P 0
L -0.6133385 1.2912755 -0.6133385 1.4507243 1 P 0
L -0.6133385 1.4507243 -0.5306614 1.4507243 1 P 0
L -0.6136859 1.5960006 -0.5743159 1.5960006 1 P 0
L -0.6206615 1.2912757 -0.6206615 1.4507245 1 P 0
L 0.6212993 -0.1300001 0.6587008 -0.1300001 1 P 0
L 0.6212993 -0.9300001 0.6587008 -0.9300001 1 P 0
L 0.6222993 0.346 0.6597009 0.346 1 P 0
L 0.6225275 -0.7635825 0.659929 -0.7635825 1 P 0
L 0.628 0.9907 0.628 1.03007 1 P 0
L -0.6312755 0.3146615 -0.6312755 0.3973386 1 P 0
L -0.6338339 1.0070246 -0.6338339 1.1349766 1 P 0
L 0.6352836 0.266 0.6707166 0.266 1 P 0
L 0.64 -0.1487009 0.64 -0.1112993 1 P 0
L 0.64 -0.9487009 0.64 -0.9112993 1 P 0
L 0.6410001 0.3272993 0.6410001 0.3647008 1 P 0
L 0.6412283 -0.7822833 0.6412283 -0.7448817 1 P 0
L -0.6428975 0.237441 -0.6428975 0.2925591 1 P 0
L 0.6530001 0.2482835 0.6530001 0.2837165 1 P 0
L 0.6547245 1.3436615 0.6547245 1.4263386 1 P 0
L -0.6552757 0.8636614 -0.6552757 0.9463385 1 P 0
L -0.662 1.3522993 -0.662 1.3897009 1 P 0
L -0.6646615 -0.3847243 -0.6646615 -0.2252755 1 P 0
L 0.677212 0.924756 0.677212 1.096016 1 P 0
L 0.6786615 -0.0502757 0.7613386 -0.0502757 1 P 0
L 0.6786615 -0.2097245 0.6786615 -0.0502757 1 P 0
L 0.6786615 -0.2097245 0.7613386 -0.2097245 1 P 0
L -0.6790241 -0.2151646 -0.6790241 -0.1108346 1 P 0
L 0.6795416 1.5128341 0.6795416 1.6171661 1 P 0
L 0.6795416 1.5128341 0.8074936 1.5128341 1 P 0
L 0.6795416 1.6171661 0.8074936 1.6171661 1 P 0
L -0.6799999 -0.6287007 -0.6799999 -0.5912992 1 P 0
L -0.6800001 -0.5487008 -0.6800001 -0.5112993 1 P 0
L -0.6807008 1.3710001 -0.6432993 1.3710001 1 P 0
L 0.6813386 -0.2097245 0.6813386 -0.0502757 1 P 0
L 0.6813386 -1.0097245 0.6813386 -0.8502757 1 P 0
L 0.6825668 -0.8433069 0.6825668 -0.6838581 1 P 0
L -0.6859999 1.0513146 -0.6859999 1.0906846 1 P 0
L -0.6976378 -0.6917323 -0.4023622 -0.6917323 1 P 0
L -0.6976378 -0.9082677 -0.4023622 -0.9082677 1 P 0
L -0.6976378 -0.9082677 -0.6976378 -0.6917323 1 P 0
L -0.6987007 -0.61 -0.6612991 -0.61 1 P 0
L -0.6987009 -0.53 -0.6612993 -0.53 1 P 0
L -0.6989999 0.2472835 -0.6989999 0.2827165 1 P 0
L 0.7012993 -0.1300001 0.7387008 -0.1300001 1 P 0
L -0.7033386 1.2912757 -0.6206615 1.2912757 1 P 0
L -0.7033386 1.2912757 -0.7033386 1.4507245 1 P 0
L -0.7033386 1.4507245 -0.6206615 1.4507245 1 P 0
L -0.7056859 1.0710006 -0.6663159 1.0710006 1 P 0
L -0.706 -0.3237007 -0.706 -0.2862991 1 P 0
L 0.7082757 1.2026615 0.7082757 1.2853386 1 P 0
L 0.7082757 1.2026615 0.8677245 1.2026615 1 P 0
L 0.7082757 1.2853386 0.8677245 1.2853386 1 P 0
L 0.7091025 0.238441 0.7091025 0.2935591 1 P 0
L 0.7102755 1.2821423 0.7102755 1.3648194 1 P 0
L 0.7102755 1.2821423 0.8697243 1.2821423 1 P 0
L 0.7102755 1.3648194 0.8697243 1.3648194 1 P 0
L -0.7109999 0.3372993 -0.7109999 0.3747008 1 P 0
L -0.7167164 0.265 -0.6812834 0.265 1 P 0
L -0.7173159 1.1607326 -0.7173159 1.3772686 1 P 0
L 0.72 -0.1487009 0.72 -0.1112993 1 P 0
L 0.7207245 0.3046615 0.7207245 0.3873386 1 P 0
L 0.7238336 1.5650001 0.7632036 1.5650001 1 P 0
L -0.7247008 -0.3049999 -0.6872993 -0.3049999 1 P 0
L -0.7297007 0.356 -0.6922991 0.356 1 P 0
L -0.7350001 0.8862992 -0.7350001 0.9237007 1 P 0
L -0.7381659 1.0070246 -0.6338339 1.0070246 1 P 0
L -0.7381659 1.0070246 -0.7381659 1.1349766 1 P 0
L -0.7381659 1.1349766 -0.6338339 1.1349766 1 P 0
L -0.7386859 1.4877326 -0.4493159 1.4877326 1 P 0
L -0.7386859 1.4877326 -0.7386859 1.7042686 1 P 0
L -0.7386859 1.7042686 -0.4493159 1.7042686 1 P 0
L -0.7430001 -0.1826846 -0.7430001 -0.1433146 1 P 0
L 0.7435176 1.5453141 0.7435176 1.5846841 1 P 0
L -0.7446615 1.4782757 -0.7446615 1.6377245 1 P 0
L -0.7473386 -0.2252755 -0.6646615 -0.2252755 1 P 0
L -0.7473386 -0.3847243 -0.6646615 -0.3847243 1 P 0
L -0.7473386 -0.3847243 -0.7473386 -0.2252755 1 P 0
L -0.7537009 0.905 -0.7162993 0.905 1 P 0
L -0.7551023 0.237441 -0.6428975 0.237441 1 P 0
L -0.7551023 0.237441 -0.7551023 0.2925591 1 P 0
L -0.7551023 0.2925591 -0.6428975 0.2925591 1 P 0
L -0.7597243 -0.5686614 -0.6002755 -0.5686614 1 P 0
L -0.7597243 -0.6513385 -0.6002755 -0.6513385 1 P 0
L -0.7597243 -0.6513385 -0.7597243 -0.5686614 1 P 0
L -0.7597245 -0.4886615 -0.6002757 -0.4886615 1 P 0
L -0.7597245 -0.5713386 -0.6002757 -0.5713386 1 P 0
L -0.7597245 -0.5713386 -0.7597245 -0.4886615 1 P 0
L 0.7613386 -0.2097245 0.7613386 -0.0502757 1 P 0
L -0.7626861 -0.1630006 -0.7233141 -0.1630006 1 P 0
L 0.7692993 1.244 0.8067009 1.244 1 P 0
L 0.7712991 1.3234809 0.8087007 1.3234809 1 P 0
L -0.786 1.5392993 -0.786 1.5767009 1 P 0
L 0.7880001 1.2252993 0.7880001 1.2627008 1 P 0
L 0.7886614 0.9802757 0.7886614 1.1397245 1 P 0
L 0.7886614 0.9802757 0.8713385 0.9802757 1 P 0
L 0.7886614 1.1397245 0.8713385 1.1397245 1 P 0
L 0.7899999 1.3047801 0.7899999 1.3421816 1 P 0
L -0.7907243 0.3146615 -0.6312755 0.3146615 1 P 0
L -0.7907243 0.3146615 -0.7907243 0.3973386 1 P 0
L -0.7907243 0.3973386 -0.6312755 0.3973386 1 P 0
L -0.8047008 1.5580001 -0.7672993 1.5580001 1 P 0
L -0.8069761 -0.1108346 -0.6790241 -0.1108346 1 P 0
L -0.8069761 -0.2151646 -0.6790241 -0.2151646 1 P 0
L -0.8069761 -0.2151646 -0.8069761 -0.1108346 1 P 0
L 0.8074936 1.5128341 0.8074936 1.6171661 1 P 0
L 0.8112992 1.0600001 0.8487007 1.0600001 1 P 0
L -0.8147245 0.8636614 -0.6552757 0.8636614 1 P 0
L -0.8147245 0.8636614 -0.8147245 0.9463385 1 P 0
L -0.8147245 0.9463385 -0.6552757 0.9463385 1 P 0
L -0.8273386 1.4782757 -0.7446615 1.4782757 1 P 0
L -0.8273386 1.4782757 -0.8273386 1.6377245 1 P 0
L -0.8273386 1.6377245 -0.7446615 1.6377245 1 P 0
L 0.83 1.0412993 0.83 1.0787009 1 P 0
L -0.831441 -0.1577402 -0.831441 -0.0002599 1 P 0
L 0.8372757 0.3046615 0.8372757 0.3873386 1 P 0
L 0.8372757 0.3046615 0.9967245 0.3046615 1 P 0
L 0.8372757 0.3873386 0.9967245 0.3873386 1 P 0
L -0.8619999 1.2493146 -0.8619999 1.2886846 1 P 0
L 0.8677245 1.2026615 0.8677245 1.2853386 1 P 0
L 0.8697243 1.2821423 0.8697243 1.3648194 1 P 0
L 0.8713385 0.9802757 0.8713385 1.1397245 1 P 0
L 0.8728977 0.237441 0.8728977 0.2925591 1 P 0
L 0.8728977 0.237441 0.9851025 0.237441 1 P 0
L 0.8728977 0.2925591 0.9851025 0.2925591 1 P 0
L 0.8756615 0.9802755 0.8756615 1.1397243 1 P 0
L 0.8756615 0.9802755 0.9583386 0.9802755 1 P 0
L 0.8756615 1.1397243 0.9583386 1.1397243 1 P 0
L -0.8816859 1.2690006 -0.8423159 1.2690006 1 P 0
L -0.8886614 0.7802755 -0.8886614 0.9397243 1 P 0
L -0.8886615 0.6202757 -0.8886615 0.7797245 1 P 0
L 0.8923141 1.1607326 0.8923141 1.3772686 1 P 0
L 0.8923141 1.1607326 1.1816841 1.1607326 1 P 0
L 0.8923141 1.3772686 1.1816841 1.3772686 1 P 0
L 0.8936615 1.4202755 0.8936615 1.5797243 1 P 0
L 0.8936615 1.4202755 0.9763386 1.4202755 1 P 0
L 0.8936615 1.5797243 0.9763386 1.5797243 1 P 0
L 0.8982993 0.346 0.9357009 0.346 1 P 0
L 0.8982993 1.0599999 0.9357008 1.0599999 1 P 0
L -0.9082755 0.3146615 -0.9082755 0.3973386 1 P 0
L 0.9112836 0.265 0.9467166 0.265 1 P 0
L 0.9134173 0.8437874 0.9134173 0.9422126 1 P 0
L 0.9134173 0.8437874 1.0905827 0.8437874 1 P 0
L 0.9134173 0.9422126 1.0905827 0.9422126 1 P 0
L 0.9162993 1.4999999 0.9537008 1.4999999 1 P 0
L 0.917 1.0412991 0.917 1.0787007 1 P 0
L 0.9170001 0.3272993 0.9170001 0.3647008 1 P 0
L -0.9208975 0.237441 -0.9208975 0.2925591 1 P 0
L 0.9290001 0.2472835 0.9290001 0.2827165 1 P 0
L -0.93 0.6812993 -0.93 0.7187009 1 P 0
L -0.93 0.8412991 -0.93 0.8787007 1 P 0
L 0.935 1.4812991 0.935 1.5187007 1 P 0
L -0.9416614 0.9862755 -0.9416614 1.1457243 1 P 0
L -0.9487007 0.8599999 -0.9112992 0.8599999 1 P 0
L -0.9487008 0.7000001 -0.9112993 0.7000001 1 P 0
L 0.9583386 0.9802755 0.9583386 1.1397243 1 P 0
L -0.966788 0.616756 -0.966788 0.788016 1 P 0
L -0.9713385 0.7802755 -0.8886614 0.7802755 1 P 0
L -0.9713385 0.7802755 -0.9713385 0.9397243 1 P 0
L -0.9713385 0.9397243 -0.8886614 0.9397243 1 P 0
L -0.9713386 0.6202757 -0.8886615 0.6202757 1 P 0
L -0.9713386 0.6202757 -0.9713386 0.7797245 1 P 0
L -0.9713386 0.7797245 -0.8886615 0.7797245 1 P 0
L 0.9763386 1.4202755 0.9763386 1.5797243 1 P 0
L -0.9769999 0.2472835 -0.9769999 0.2827165 1 P 0
L 0.982315 0.893 1.021685 0.893 1 P 0
L -0.983 1.0472991 -0.983 1.0847007 1 P 0
L -0.984 -0.0986851 -0.984 -0.059315 1 P 0
L 0.9851025 0.237441 0.9851025 0.2925591 1 P 0
L -0.9879999 0.3372993 -0.9879999 0.3747008 1 P 0
L -0.9947164 0.265 -0.9592834 0.265 1 P 0
L 0.9967245 0.3046615 0.9967245 0.3873386 1 P 0
L -1.0017007 1.0659999 -0.9642992 1.0659999 1 P 0
L 1.002 0.873315 1.002 0.912685 1 P 0
L -1.0036851 -0.079 -0.964315 -0.079 1 P 0
L -1.0066859 1.1607326 -0.7173159 1.1607326 1 P 0
L -1.0066859 1.1607326 -1.0066859 1.3772686 1 P 0
L -1.0066859 1.3772686 -0.7173159 1.3772686 1 P 0
L -1.0067007 0.356 -0.9692991 0.356 1 P 0
L -1.016 0.6827 -1.016 0.72207 1 P 0
L 1.0173141 1.2690006 1.0566841 1.2690006 1 P 0
L -1.0243385 0.9862755 -0.9416614 0.9862755 1 P 0
L -1.0243385 0.9862755 -1.0243385 1.1457243 1 P 0
L -1.0243385 1.1457243 -0.9416614 1.1457243 1 P 0
L -1.0302755 0.9786615 -1.0302755 1.0613386 1 P 0
L -1.0326615 1.1282757 -1.0326615 1.2877245 1 P 0
L -1.0331023 0.237441 -0.9208975 0.237441 1 P 0
L -1.0331023 0.237441 -1.0331023 0.2925591 1 P 0
L -1.0331023 0.2925591 -0.9208975 0.2925591 1 P 0
L 1.0356615 0.6802757 1.0356615 0.8397245 1 P 0
L 1.0356615 0.6802757 1.1183386 0.6802757 1 P 0
L 1.0356615 0.8397245 1.1183386 0.8397245 1 P 0
L -1.035686 0.702386 -0.996314 0.702386 1 P 0
L 1.0370001 1.2493146 1.0370001 1.2886846 1 P 0
L 1.0582993 0.7600001 1.0957008 0.7600001 1 P 0
L -1.065212 0.616756 -0.966788 0.616756 1 P 0
L -1.065212 0.616756 -1.065212 0.788016 1 P 0
L -1.065212 0.788016 -0.966788 0.788016 1 P 0
L -1.0677243 0.3146615 -0.9082755 0.3146615 1 P 0
L -1.0677243 0.3146615 -1.0677243 0.3973386 1 P 0
L -1.0677243 0.3973386 -0.9082755 0.3973386 1 P 0
L -1.0688339 0.5630246 -1.0688339 0.6909766 1 P 0
L -1.074 1.1892993 -1.074 1.2267009 1 P 0
L 1.0770001 0.7412993 1.0770001 0.7787009 1 P 0
L -1.0782757 0.4396614 -1.0782757 0.5223385 1 P 0
L 1.0902757 0.5236615 1.0902757 0.6063386 1 P 0
L 1.0902757 0.5236615 1.2497245 0.5236615 1 P 0
L 1.0902757 0.6063386 1.2497245 0.6063386 1 P 0
L 1.0905827 0.8437874 1.0905827 0.9422126 1 P 0
L -1.0927008 1.2080001 -1.0552993 1.2080001 1 P 0
L -1.1099999 1.0012993 -1.1099999 1.0387008 1 P 0
L 1.1112757 0.3046615 1.1112757 0.3873386 1 P 0
L 1.1112757 0.3046615 1.2707245 0.3046615 1 P 0
L 1.1112757 0.3873386 1.2707245 0.3873386 1 P 0
L -1.1153386 1.1282757 -1.0326615 1.1282757 1 P 0
L -1.1153386 1.1282757 -1.1153386 1.2877245 1 P 0
L -1.1153386 1.2877245 -1.0326615 1.2877245 1 P 0
L 1.1183386 0.6802757 1.1183386 0.8397245 1 P 0
L -1.1209999 0.6073146 -1.1209999 0.6466846 1 P 0
L -1.1287007 1.02 -1.0912991 1.02 1 P 0
L -1.1347874 1.1204173 -1.1347874 1.2975827 1 P 0
L 1.1348341 1.0050246 1.1348341 1.1329766 1 P 0
L 1.1348341 1.0050246 1.2391661 1.0050246 1 P 0
L 1.1348341 1.1329766 1.2391661 1.1329766 1 P 0
L -1.1365591 -0.0002599 -0.831441 -0.0002599 1 P 0
L -1.1365591 -0.1577402 -0.831441 -0.1577402 1 P 0
L -1.1365591 -0.1577402 -1.1365591 -0.0002599 1 P 0
L -1.1393159 0.7087326 -1.1393159 0.9252686 1 P 0
L -1.1406859 0.6270006 -1.1013159 0.6270006 1 P 0
L 1.1436615 0.7802755 1.1436615 0.9397243 1 P 0
L 1.1436615 0.7802755 1.2263386 0.7802755 1 P 0
L 1.1436615 0.9397243 1.2263386 0.9397243 1 P 0
L 1.1468977 0.237441 1.1468977 0.2925591 1 P 0
L 1.1468977 0.237441 1.2591025 0.237441 1 P 0
L 1.1468977 0.2925591 1.2591025 0.2925591 1 P 0
L 1.1512993 0.565 1.1887009 0.565 1 P 0
L -1.1580001 0.4622992 -1.1580001 0.4997007 1 P 0
L 1.1662993 0.8599999 1.2037008 0.8599999 1 P 0
L 1.1673141 1.0690006 1.2066841 1.0690006 1 P 0
L 1.1700001 0.5462993 1.1700001 0.5837008 1 P 0
L 1.1722993 0.346 1.2097009 0.346 1 P 0
L -1.1731659 0.5630246 -1.0688339 0.5630246 1 P 0
L -1.1731659 0.5630246 -1.1731659 0.6909766 1 P 0
L -1.1731659 0.6909766 -1.0688339 0.6909766 1 P 0
L -1.1767009 0.481 -1.1392993 0.481 1 P 0
L 1.1816841 1.1607326 1.1816841 1.3772686 1 P 0
L -1.1822755 0.3136615 -1.1822755 0.3963386 1 P 0
L -1.184 1.189315 -1.184 1.228685 1 P 0
L 1.185 0.8412991 1.185 0.8787007 1 P 0
L 1.1852836 0.265 1.2207166 0.265 1 P 0
L 1.1870001 1.0493146 1.1870001 1.0886846 1 P 0
L -1.1897243 0.9786615 -1.0302755 0.9786615 1 P 0
L -1.1897243 0.9786615 -1.1897243 1.0613386 1 P 0
L -1.1897243 1.0613386 -1.0302755 1.0613386 1 P 0
L 1.1910001 0.3272993 1.1910001 0.3647008 1 P 0
L -1.1938975 0.237441 -1.1938975 0.2925591 1 P 0
L 1.2014173 0.4187874 1.2014173 0.5172126 1 P 0
L 1.2014173 0.4187874 1.3785827 0.4187874 1 P 0
L 1.2014173 0.5172126 1.3785827 0.5172126 1 P 0
L 1.2030001 0.2472835 1.2030001 0.2827165 1 P 0
L -1.203685 1.209 -1.164315 1.209 1 P 0
L 1.2263386 0.7802755 1.2263386 0.9397243 1 P 0
L -1.2332126 1.1204173 -1.1347874 1.1204173 1 P 0
L -1.2332126 1.1204173 -1.2332126 1.2975827 1 P 0
L -1.2332126 1.2975827 -1.1347874 1.2975827 1 P 0
L -1.2357874 0.9924173 -1.2357874 1.1695827 1 P 0
L -1.2377245 0.4396614 -1.0782757 0.4396614 1 P 0
L -1.2377245 0.4396614 -1.2377245 0.5223385 1 P 0
L -1.2377245 0.5223385 -1.0782757 0.5223385 1 P 0
L 1.2391661 1.0050246 1.2391661 1.1329766 1 P 0
L 1.2497245 0.5236615 1.2497245 0.6063386 1 P 0
L -1.2499999 0.2472835 -1.2499999 0.2827165 1 P 0
L 1.252756 1.055788 1.252756 1.154212 1 P 0
L 1.252756 1.055788 1.424016 1.055788 1 P 0
L 1.252756 1.154212 1.424016 1.154212 1 P 0
L 1.2566615 0.5392755 1.2566615 0.6987243 1 P 0
L 1.2566615 0.5392755 1.3393386 0.5392755 1 P 0
L 1.2566615 0.6987243 1.3393386 0.6987243 1 P 0
L 1.2591025 0.237441 1.2591025 0.2925591 1 P 0
L 1.2602757 0.9686615 1.2602757 1.0513386 1 P 0
L 1.2602757 0.9686615 1.4197245 0.9686615 1 P 0
L 1.2602757 1.0513386 1.4197245 1.0513386 1 P 0
L -1.2619999 0.3362993 -1.2619999 0.3737008 1 P 0
L -1.2677164 0.265 -1.2322834 0.265 1 P 0
L 1.270315 0.468 1.309685 0.468 1 P 0
L 1.2707245 0.3046615 1.2707245 0.3873386 1 P 0
L 1.2733141 0.7107326 1.2733141 0.9272686 1 P 0
L 1.2733141 0.7107326 1.5626841 0.7107326 1 P 0
L 1.2733141 0.9272686 1.5626841 0.9272686 1 P 0
L 1.2792993 0.6189999 1.3167008 0.6189999 1 P 0
L -1.2807007 0.355 -1.2432991 0.355 1 P 0
L -1.2839999 0.7973146 -1.2839999 0.8366846 1 P 0
L -1.285 1.061315 -1.285 1.100685 1 P 0
L 1.2886614 0.0752757 1.2886614 0.2347245 1 P 0
L 1.2886614 0.0752757 1.3713385 0.0752757 1 P 0
L 1.2886614 0.2347245 1.3713385 0.2347245 1 P 0
L 1.29 0.448315 1.29 0.487685 1 P 0
L 1.298 0.6002991 1.298 0.6377007 1 P 0
L -1.3036859 0.8170006 -1.2643159 0.8170006 1 P 0
L -1.304685 1.081 -1.265315 1.081 1 P 0
L -1.3061023 0.237441 -1.1938975 0.237441 1 P 0
L -1.3061023 0.237441 -1.3061023 0.2925591 1 P 0
L -1.3061023 0.2925591 -1.1938975 0.2925591 1 P 0
L 1.3112992 0.1550001 1.3487007 0.1550001 1 P 0
L 1.3187 1.105 1.35807 1.105 1 P 0
L 1.3212993 1.01 1.3587009 1.01 1 P 0
L 1.33 0.1362993 1.33 0.1737009 1 P 0
L -1.3342126 0.9924173 -1.2357874 0.9924173 1 P 0
L -1.3342126 0.9924173 -1.3342126 1.1695827 1 P 0
L -1.3342126 1.1695827 -1.2357874 1.1695827 1 P 0
L 1.338386 1.085314 1.338386 1.124686 1 P 0
L 1.3393386 0.5392755 1.3393386 0.6987243 1 P 0
L 1.3400001 0.9912993 1.3400001 1.0287008 1 P 0
L -1.3417243 0.3136615 -1.1822755 0.3136615 1 P 0
L -1.3417243 0.3136615 -1.3417243 0.3963386 1 P 0
L -1.3417243 0.3963386 -1.1822755 0.3963386 1 P 0
L -1.3566614 0.5382755 -1.3566614 0.6977243 1 P 0
L 1.3713385 0.0752757 1.3713385 0.2347245 1 P 0
L 1.3785827 0.4187874 1.3785827 0.5172126 1 P 0
L 1.3852755 0.0113385 1.5447243 0.0113385 1 P 0
L 1.3852755 -0.0713386 1.3852755 0.0113385 1 P 0
L 1.3852755 -0.0713386 1.5447243 -0.0713386 1 P 0
L 1.3852755 -0.0836615 1.5447243 -0.0836615 1 P 0
L 1.3852755 -0.1663386 1.3852755 -0.0836615 1 P 0
L 1.3852755 -0.1663386 1.5447243 -0.1663386 1 P 0
L 1.3912757 0.3036615 1.3912757 0.3863386 1 P 0
L 1.3912757 0.3036615 1.5507245 0.3036615 1 P 0
L 1.3912757 0.3863386 1.5507245 0.3863386 1 P 0
L -1.398 0.5992991 -1.398 0.6367007 1 P 0
L 1.3983141 0.8190006 1.4376841 0.8190006 1 P 0
L -1.4167007 0.6179999 -1.3792992 0.6179999 1 P 0
L 1.4180001 0.7993146 1.4180001 0.8386846 1 P 0
L 1.4197245 0.9686615 1.4197245 1.0513386 1 P 0
L 1.424016 1.055788 1.424016 1.154212 1 P 0
L 1.4268977 0.234441 1.4268977 0.2895591 1 P 0
L 1.4268977 0.234441 1.5391025 0.234441 1 P 0
L 1.4268977 0.2895591 1.5391025 0.2895591 1 P 0
L -1.4286859 0.7087326 -1.1393159 0.7087326 1 P 0
L -1.4286859 0.7087326 -1.4286859 0.9252686 1 P 0
L -1.4286859 0.9252686 -1.1393159 0.9252686 1 P 0
L -1.4393385 0.5382755 -1.3566614 0.5382755 1 P 0
L -1.4393385 0.5382755 -1.4393385 0.6977243 1 P 0
L -1.4393385 0.6977243 -1.3566614 0.6977243 1 P 0
L 1.4462991 -0.03 1.4837007 -0.03 1 P 0
L 1.4462991 -0.125 1.4837007 -0.125 1 P 0
L -1.4466615 0.5382757 -1.4466615 0.6977245 1 P 0
L -1.4466615 0.6992757 -1.4466615 0.8587245 1 P 0
L 1.4472755 0.4306614 1.4472755 0.5133385 1 P 0
L 1.4472755 0.4306614 1.6067243 0.4306614 1 P 0
L 1.4472755 0.5133385 1.6067243 0.5133385 1 P 0
L 1.4522993 0.345 1.4897009 0.345 1 P 0
L 1.4649999 -0.0487008 1.4649999 -0.0112993 1 P 0
L 1.4649999 -0.1437008 1.4649999 -0.1062993 1 P 0
L 1.4652836 0.262 1.5007166 0.262 1 P 0
L 1.4710001 0.3262993 1.4710001 0.3637008 1 P 0
L 1.4830001 0.2442835 1.4830001 0.2797165 1 P 0
L -1.488 0.5992993 -1.488 0.6367009 1 P 0
L -1.488 0.7602993 -1.488 0.7977009 1 P 0
L -1.5067008 0.6180001 -1.4692993 0.6180001 1 P 0
L -1.5067008 0.7790001 -1.4692993 0.7790001 1 P 0
L 1.5082991 0.472 1.5457007 0.472 1 P 0
L 1.5108341 0.5650246 1.5108341 0.6929766 1 P 0
L 1.5108341 0.5650246 1.6151661 0.5650246 1 P 0
L 1.5108341 0.6929766 1.6151661 0.6929766 1 P 0
L 1.5269999 0.4532992 1.5269999 0.4907007 1 P 0
L -1.5293386 0.5382757 -1.4466615 0.5382757 1 P 0
L -1.5293386 0.5382757 -1.5293386 0.6977245 1 P 0
L -1.5293386 0.6977245 -1.4466615 0.6977245 1 P 0
L -1.5293386 0.6992757 -1.4466615 0.6992757 1 P 0
L -1.5293386 0.6992757 -1.5293386 0.8587245 1 P 0
L -1.5293386 0.8587245 -1.4466615 0.8587245 1 P 0
L 1.5391025 0.234441 1.5391025 0.2895591 1 P 0
L 1.5433141 0.6290006 1.5826841 0.6290006 1 P 0
L 1.5447243 -0.0713386 1.5447243 0.0113385 1 P 0
L 1.5447243 -0.1663386 1.5447243 -0.0836615 1 P 0
L 1.5507245 0.3036615 1.5507245 0.3863386 1 P 0
L 1.5626841 0.7107326 1.5626841 0.9272686 1 P 0
L 1.5630001 0.6093146 1.5630001 0.6486846 1 P 0
L 1.6067243 0.4306614 1.6067243 0.5133385 1 P 0
L 1.6151661 0.5650246 1.6151661 0.6929766 1 P 0
L 1.618788 0.542984 1.618788 0.714244 1 P 0
L 1.618788 0.542984 1.717212 0.542984 1 P 0
L 1.618788 0.714244 1.717212 0.714244 1 P 0
L 1.648314 0.628614 1.687686 0.628614 1 P 0
L 1.6657879 -0.0364166 1.7642119 -0.0364166 1 P 0
L 1.6657879 -0.2135826 1.6657879 -0.0364166 1 P 0
L 1.6657879 -0.2135826 1.7642119 -0.2135826 1 P 0
L 1.668 0.60893 1.668 0.6483 1 P 0
L 1.6953159 -0.1250006 1.7346859 -0.1250006 1 P 0
L 1.7149999 -0.1446846 1.7149999 -0.1053146 1 P 0
L 1.717212 0.542984 1.717212 0.714244 1 P 0
L 1.7642119 -0.2135826 1.7642119 -0.0364166 1 P 0
