#Layer_Color=32768
#
#Feature symbol names
#
$0 r3.937
$1 r1.9685
$2 r7

#
#Feature attribute names
#

#
#Layer features
#
L 0.1605141 3.1865836 0.1605141 3.3046938 0 P 0
L 0.1605141 3.1865836 1.0099235 3.1865836 0 P 0
L 0.1605141 3.3046938 1.0099235 3.3046938 0 P 0
L 0.2081392 3.3802603 0.2081392 3.4550635 0 P 0
L 0.2081392 3.3802603 0.3656195 3.3802603 0 P 0
L 0.2081392 3.4550635 0.3656195 3.4550635 0 P 0
L 0.2671943 3.4176619 0.3065644 3.4176619 0 P 0
L 0.2769818 2.9030792 0.2769818 3.0802446 0 P 0
L 0.2769818 2.9030792 0.375407 2.9030792 0 P 0
L 0.2769818 3.0802446 0.375407 3.0802446 0 P 0
L 0.2868794 3.3979769 0.2868794 3.4373469 0 P 0
L 0.3065094 2.9916619 0.3458794 2.9916619 0 P 0
L 0.3261944 2.9719769 0.3261944 3.0113469 0 P 0
L 0.3498559 3.1369376 0.3498559 3.2963864 0 P 0
L 0.3498559 3.1369376 0.432533 3.1369376 0 P 0
L 0.3498559 3.2963864 0.432533 3.2963864 0 P 0
L 0.3656195 3.3802603 0.3656195 3.4550635 0 P 0
L 0.3724937 3.216662 0.4098952 3.216662 0 P 0
L 0.375407 2.9030792 0.375407 3.0802446 0 P 0
L 0.3911944 3.1979612 0.3911944 3.2353628 0 P 0
L 0.432533 3.1369376 0.432533 3.2963864 0 P 0
L 0.4536353 3.1705594 0.4536353 3.2827642 0 P 0
L 0.4536353 3.1705594 0.5087534 3.1705594 0 P 0
L 0.4536353 3.2827642 0.5087534 3.2827642 0 P 0
L 0.4634779 3.2266618 0.4989109 3.2266618 0 P 0
L 0.4811944 3.2089453 0.4811944 3.2443783 0 P 0
L 0.4953254 3.5964173 0.4953254 3.7735827 0 P 0
L 0.4953254 3.5964173 0.5937506 3.5964173 0 P 0
L 0.4953254 3.7735827 0.5937506 3.7735827 0 P 0
L 0.5087534 3.1705594 0.5087534 3.2827642 0 P 0
L 0.5202757 2.8793001 0.5202757 2.9619772 0 P 0
L 0.5202757 2.8793001 0.6797245 2.8793001 0 P 0
L 0.5202757 2.9619772 0.6797245 2.9619772 0 P 0
L 0.5202757 2.9836614 0.5202757 3.0663385 0 P 0
L 0.5202757 2.9836614 0.6797245 2.9836614 0 P 0
L 0.5202757 3.0663385 0.6797245 3.0663385 0 P 0
L 0.524853 3.685 0.564223 3.685 0 P 0
L 0.544538 3.665315 0.544538 3.704685 0 P 0
L 0.566026 3.2456387 0.6053961 3.2456387 0 P 0
L 0.5754828 3.280803 0.5754828 3.379227 0 P 0
L 0.5754828 3.280803 0.7467428 3.280803 0 P 0
L 0.5754828 3.379227 0.7467428 3.379227 0 P 0
L 0.5775397 3.1053001 0.5775397 3.1879772 0 P 0
L 0.5775397 3.1053001 0.7369885 3.1053001 0 P 0
L 0.5775397 3.1879772 0.7369885 3.1879772 0 P 0
L 0.5812993 2.9206387 0.6187009 2.9206387 0 P 0
L 0.5812993 3.025 0.6187009 3.025 0 P 0
L 0.585711 3.2259536 0.585711 3.2653237 0 P 0
L 0.5937506 3.5964173 0.5937506 3.7735827 0 P 0
L 0.6000001 2.9019379 0.6000001 2.9393394 0 P 0
L 0.6000001 3.0062992 0.6000001 3.0437007 0 P 0
L 0.6385633 3.1466387 0.6759649 3.1466387 0 P 0
L 0.6414268 3.330015 0.6807968 3.330015 0 P 0
L 0.657 3.5396387 0.657 3.6336387 0 P 0
L 0.657 3.5396387 0.843 3.5396387 0 P 0
L 0.657 3.6336387 0.843 3.6336387 0 P 0
L 0.6572641 3.1279379 0.6572641 3.1653394 0 P 0
L 0.6611128 3.310329 0.6611128 3.349701 0 P 0
L 0.677 3.5396387 0.677 3.6336387 0 P 0
L 0.677 3.5396387 0.863 3.5396387 0 P 0
L 0.677 3.6336387 0.863 3.6336387 0 P 0
L 0.6797245 2.8793001 0.6797245 2.9619772 0 P 0
L 0.6797245 2.9836614 0.6797245 3.0663385 0 P 0
L 0.7210236 3.7602752 0.7210236 3.9492516 0 P 0
L 0.7210236 3.7602752 0.9485827 3.7602752 0 P 0
L 0.7210236 3.9492516 0.9485827 3.9492516 0 P 0
L 0.7221344 3.7721338 0.7221344 3.9611102 0 P 0
L 0.7221344 3.7721338 0.9496935 3.7721338 0 P 0
L 0.7221344 3.9611102 0.9496935 3.9611102 0 P 0
L 0.7303149 3.5866387 0.769685 3.5866387 0 P 0
L 0.7342328 2.975803 0.7342328 3.074227 0 P 0
L 0.7342328 2.975803 0.9054928 2.975803 0 P 0
L 0.7342328 3.074227 0.9054928 3.074227 0 P 0
L 0.7352755 2.8803234 0.7352755 2.9630005 0 P 0
L 0.7352755 2.8803234 0.8947243 2.8803234 0 P 0
L 0.7352755 2.9630005 0.8947243 2.9630005 0 P 0
L 0.7369885 3.1053001 0.7369885 3.1879772 0 P 0
L 0.7467428 3.280803 0.7467428 3.379227 0 P 0
L 0.75 3.5669537 0.75 3.6063238 0 P 0
L 0.7503149 3.5866387 0.789685 3.5866387 0 P 0
L 0.7521067 3.1782828 0.7521067 3.4617474 0 P 0
L 0.7521067 3.1782828 1.0808469 3.1782828 0 P 0
L 0.7521067 3.4617474 1.0808469 3.4617474 0 P 0
L 0.77 3.5669536 0.77 3.6063237 0 P 0
L 0.7962991 2.9216619 0.8337007 2.9216619 0 P 0
L 0.8001768 3.025015 0.8395468 3.025015 0 P 0
L 0.8149999 2.9029612 0.8149999 2.9403627 0 P 0
L 0.8198628 3.005329 0.8198628 3.044701 0 P 0
L 0.843 3.5396387 0.843 3.6336387 0 P 0
L 0.863 3.5396387 0.863 3.6336387 0 P 0
L 0.8947243 2.8803234 0.8947243 2.9630005 0 P 0
L 0.8967918 3.3200151 0.9361619 3.3200151 0 P 0
L 0.9054928 2.975803 0.9054928 3.074227 0 P 0
L 0.9164768 3.3003301 0.9164768 3.3397002 0 P 0
L 0.9485827 3.7602752 0.9485827 3.9492516 0 P 0
L 0.9496935 3.7721338 0.9496935 3.9611102 0 P 0
L 0.9774409 2.6212599 0.9774409 2.7787402 0 P 0
L 0.9774409 2.6212599 1.282559 2.6212599 0 P 0
L 0.9774409 2.7787402 1.282559 2.7787402 0 P 0
L 1.0040311 3.0148693 1.0040311 3.1841607 0 P 0
L 1.0040311 3.0148693 1.1733225 3.0148693 0 P 0
L 1.0040311 3.1841607 1.1733225 3.1841607 0 P 0
L 1.0099235 3.1865836 1.0099235 3.3046938 0 P 0
L 1.0689918 3.099515 1.1083619 3.099515 0 P 0
L 1.0689918 3.5646614 1.0689918 3.6473385 0 P 0
L 1.0689918 3.5646614 1.2284406 3.5646614 0 P 0
L 1.0689918 3.6436615 1.0689918 3.7263386 0 P 0
L 1.0689918 3.6436615 1.2284406 3.6436615 0 P 0
L 1.0689918 3.6473385 1.2284406 3.6473385 0 P 0
L 1.0689918 3.7263386 1.2284406 3.7263386 0 P 0
L 1.0704648 3.233999 1.0704648 3.405259 0 P 0
L 1.0704648 3.233999 1.1688888 3.233999 0 P 0
L 1.0704648 3.405259 1.1688888 3.405259 0 P 0
L 1.0808469 3.1782828 1.0808469 3.4617474 0 P 0
L 1.0886768 3.0798299 1.0886768 3.1192 0 P 0
L 1.0999908 3.319629 1.1393628 3.319629 0 P 0
L 1.105409 3.5646614 1.105409 3.6473385 0 P 0
L 1.105409 3.5646614 1.2648578 3.5646614 0 P 0
L 1.105409 3.6473385 1.2648578 3.6473385 0 P 0
L 1.1054092 3.6436615 1.1054092 3.7263386 0 P 0
L 1.1054092 3.6436615 1.264858 3.6436615 0 P 0
L 1.1054092 3.7263386 1.264858 3.7263386 0 P 0
L 1.1103149 2.7 1.149685 2.7 0 P 0
L 1.1196768 3.299945 1.1196768 3.339315 0 P 0
L 1.13 2.680315 1.13 2.7196851 0 P 0
L 1.1300154 3.606 1.167417 3.606 0 P 0
L 1.1300154 3.685 1.167417 3.685 0 P 0
L 1.1487162 3.5872992 1.1487162 3.6247007 0 P 0
L 1.1487162 3.6662993 1.1487162 3.7037008 0 P 0
L 1.1664326 3.606 1.2038342 3.606 0 P 0
L 1.1664328 3.685 1.2038344 3.685 0 P 0
L 1.1688888 3.233999 1.1688888 3.405259 0 P 0
L 1.1733225 3.0148693 1.1733225 3.1841607 0 P 0
L 1.1736615 1.7902757 1.1736615 1.9497245 0 P 0
L 1.1736615 1.7902757 1.2563386 1.7902757 0 P 0
L 1.1736615 1.9497245 1.2563386 1.9497245 0 P 0
L 1.1851334 3.5872992 1.1851334 3.6247007 0 P 0
L 1.1851336 3.6662993 1.1851336 3.7037008 0 P 0
L 1.1962993 1.8700001 1.2337008 1.8700001 0 P 0
L 1.215 1.8512993 1.215 1.8887009 0 P 0
L 1.2172755 3.0606614 1.2172755 3.1433385 0 P 0
L 1.2172755 3.0606614 1.3767243 3.0606614 0 P 0
L 1.2172755 3.1433385 1.3767243 3.1433385 0 P 0
L 1.2202755 3.120754 1.2202755 3.2034311 0 P 0
L 1.2202755 3.120754 1.3797243 3.120754 0 P 0
L 1.2202755 3.2034311 1.3797243 3.2034311 0 P 0
L 1.2202757 2.7910554 1.2202757 2.8737325 0 P 0
L 1.2202757 2.7910554 1.3797245 2.7910554 0 P 0
L 1.2202757 2.8733994 1.2202757 2.9560765 0 P 0
L 1.2202757 2.8733994 1.3797245 2.8733994 0 P 0
L 1.2202757 2.8737325 1.3797245 2.8737325 0 P 0
L 1.2202757 2.9552678 1.2202757 3.0379449 0 P 0
L 1.2202757 2.9552678 1.3797245 2.9552678 0 P 0
L 1.2202757 2.9560765 1.3797245 2.9560765 0 P 0
L 1.2202757 3.0379449 1.3797245 3.0379449 0 P 0
L 1.2202757 3.0386614 1.2202757 3.1213385 0 P 0
L 1.2202757 3.0386614 1.3797245 3.0386614 0 P 0
L 1.2202757 3.1213385 1.3797245 3.1213385 0 P 0
L 1.2248977 3.150441 1.2248977 3.2055591 0 P 0
L 1.2248977 3.150441 1.3371025 3.150441 0 P 0
L 1.2248977 3.2055591 1.3371025 3.2055591 0 P 0
L 1.2284406 3.5646614 1.2284406 3.6473385 0 P 0
L 1.2284406 3.6436615 1.2284406 3.7263386 0 P 0
L 1.2486614 1.7902755 1.2486614 1.9497243 0 P 0
L 1.2486614 1.7902755 1.3313385 1.7902755 0 P 0
L 1.2486614 1.9497243 1.3313385 1.9497243 0 P 0
L 1.2563386 1.7902757 1.2563386 1.9497245 0 P 0
L 1.2632836 3.178 1.2987166 3.178 0 P 0
L 1.2648578 3.5646614 1.2648578 3.6473385 0 P 0
L 1.264858 3.6436615 1.264858 3.7263386 0 P 0
L 1.2712992 1.8699999 1.3087007 1.8699999 0 P 0
L 1.2782991 3.102 1.3157007 3.102 0 P 0
L 1.2810001 3.1602835 1.2810001 3.1957165 0 P 0
L 1.2812991 3.1620925 1.3187007 3.1620925 0 P 0
L 1.2812993 2.832394 1.3187009 2.832394 0 P 0
L 1.2812993 2.914738 1.3187009 2.914738 0 P 0
L 1.2812993 2.9966064 1.3187009 2.9966064 0 P 0
L 1.2812993 3.08 1.3187009 3.08 0 P 0
L 1.282559 2.6212599 1.282559 2.7787402 0 P 0
L 1.29 1.8512991 1.29 1.8887007 0 P 0
L 1.2969999 3.0832992 1.2969999 3.1207007 0 P 0
L 1.2999999 3.1433918 1.2999999 3.1807933 0 P 0
L 1.3000001 2.8136932 1.3000001 2.8510947 0 P 0
L 1.3000001 2.8960372 1.3000001 2.9334387 0 P 0
L 1.3000001 2.9779056 1.3000001 3.0153071 0 P 0
L 1.3000001 3.0612992 1.3000001 3.0987007 0 P 0
L 1.3313385 1.7902755 1.3313385 1.9497243 0 P 0
L 1.3371025 3.150441 1.3371025 3.2055591 0 P 0
L 1.3728346 1.7860236 1.3728346 1.9139764 0 P 0
L 1.3728346 1.7860236 1.4771653 1.7860236 0 P 0
L 1.3728346 1.9139764 1.4771653 1.9139764 0 P 0
L 1.3767243 3.0606614 1.3767243 3.1433385 0 P 0
L 1.377861 1.9336615 1.377861 2.0163386 0 P 0
L 1.377861 1.9336615 1.5373098 1.9336615 0 P 0
L 1.377861 2.0163386 1.5373098 2.0163386 0 P 0
L 1.3797243 3.120754 1.3797243 3.2034311 0 P 0
L 1.3797245 2.7910554 1.3797245 2.8737325 0 P 0
L 1.3797245 2.8733994 1.3797245 2.9560765 0 P 0
L 1.3797245 2.9552678 1.3797245 3.0379449 0 P 0
L 1.3797245 3.0386614 1.3797245 3.1213385 0 P 0
L 1.3872344 2.5289983 1.3872344 2.6667936 1 P 0
L 1.3872344 2.5289983 1.4935337 2.5289983 1 P 0
L 1.3872344 2.6667936 1.4935337 2.6667936 1 P 0
L 1.3902757 3.7226615 1.3902757 3.8053386 0 P 0
L 1.3902757 3.7226615 1.5497245 3.7226615 0 P 0
L 1.3902757 3.8016615 1.3902757 3.8843386 0 P 0
L 1.3902757 3.8016615 1.5497245 3.8016615 0 P 0
L 1.3902757 3.8053386 1.5497245 3.8053386 0 P 0
L 1.3902757 3.8786615 1.3902757 3.9613386 0 P 0
L 1.3902757 3.8786615 1.5497245 3.8786615 0 P 0
L 1.3902757 3.8843386 1.5497245 3.8843386 0 P 0
L 1.3902757 3.9613386 1.5497245 3.9613386 0 P 0
L 1.3902757 4.0386615 1.3902757 4.1213386 0 P 0
L 1.3902757 4.0386615 1.5497245 4.0386615 0 P 0
L 1.3902757 4.1186615 1.3902757 4.2013386 0 P 0
L 1.3902757 4.1186615 1.5497245 4.1186615 0 P 0
L 1.3902757 4.1213386 1.5497245 4.1213386 0 P 0
L 1.3902757 4.2013386 1.5497245 4.2013386 0 P 0
L 1.3902757 4.2756615 1.3902757 4.3583386 0 P 0
L 1.3902757 4.2756615 1.5497245 4.2756615 0 P 0
L 1.3902757 4.3583386 1.5497245 4.3583386 0 P 0
L 1.4053149 1.85 1.444685 1.85 0 P 0
L 1.4083735 1.550984 1.4083735 1.722244 0 P 0
L 1.4083735 1.550984 1.5067975 1.550984 0 P 0
L 1.4083735 1.722244 1.5067975 1.722244 0 P 0
L 1.4102757 2.9536614 1.4102757 3.0363385 0 P 0
L 1.4102757 2.9536614 1.5697245 2.9536614 0 P 0
L 1.4102757 3.0363385 1.5697245 3.0363385 0 P 0
L 1.4102757 3.0386614 1.4102757 3.1213385 0 P 0
L 1.4102757 3.0386614 1.5697245 3.0386614 0 P 0
L 1.4102757 3.1213385 1.5697245 3.1213385 0 P 0
L 1.420699 2.597896 1.4600691 2.597896 0 P 0
L 1.425 1.8303149 1.425 1.869685 0 P 0
L 1.4378995 1.636614 1.4772715 1.636614 0 P 0
L 1.4388846 1.975 1.4762862 1.975 0 P 0
L 1.440384 2.5782109 1.440384 2.617581 0 P 0
L 1.4512993 3.764 1.4887009 3.764 0 P 0
L 1.4512993 3.843 1.4887009 3.843 0 P 0
L 1.4512993 3.92 1.4887009 3.92 0 P 0
L 1.4512993 4.08 1.4887009 4.08 0 P 0
L 1.4512993 4.16 1.4887009 4.16 0 P 0
L 1.4512993 4.317 1.4887009 4.317 0 P 0
L 1.4575854 1.9562993 1.4575854 1.9937008 0 P 0
L 1.4575855 1.61693 1.4575855 1.6563 0 P 0
L 1.4700001 3.7452993 1.4700001 3.7827008 0 P 0
L 1.4700001 3.8242993 1.4700001 3.8617008 0 P 0
L 1.4700001 3.9012993 1.4700001 3.9387008 0 P 0
L 1.4700001 4.0612993 1.4700001 4.0987008 0 P 0
L 1.4700001 4.1412993 1.4700001 4.1787008 0 P 0
L 1.4700001 4.2982993 1.4700001 4.3357008 0 P 0
L 1.4712993 2.995 1.5087009 2.995 0 P 0
L 1.4712993 3.08 1.5087009 3.08 0 P 0
L 1.4771653 1.7860236 1.4771653 1.9139764 0 P 0
L 1.4900001 2.9762992 1.4900001 3.0137007 0 P 0
L 1.4900001 3.0612992 1.4900001 3.0987007 0 P 0
L 1.4935337 2.5289983 1.4935337 2.6667936 1 P 0
L 1.5067975 1.550984 1.5067975 1.722244 0 P 0
L 1.5186614 2.4638583 1.5186614 2.6233071 0 P 0
L 1.5186614 2.4638583 1.6013385 2.4638583 0 P 0
L 1.5186614 2.6233071 1.6013385 2.6233071 0 P 0
L 1.5373098 1.9336615 1.5373098 2.0163386 0 P 0
L 1.5387969 1.5203233 1.5387969 1.6030004 0 P 0
L 1.5387969 1.5203233 1.6982457 1.5203233 0 P 0
L 1.5387969 1.6030004 1.6982457 1.6030004 0 P 0
L 1.5412992 2.5435827 1.5787007 2.5435827 0 P 0
L 1.5497245 3.7226615 1.5497245 3.8053386 0 P 0
L 1.5497245 3.8016615 1.5497245 3.8843386 0 P 0
L 1.5497245 3.8786615 1.5497245 3.9613386 0 P 0
L 1.5497245 4.0386615 1.5497245 4.1213386 0 P 0
L 1.5497245 4.1186615 1.5497245 4.2013386 0 P 0
L 1.5497245 4.2756615 1.5497245 4.3583386 0 P 0
L 1.5506079 1.6241028 1.5506079 1.6792209 0 P 0
L 1.5506079 1.6241028 1.6628127 1.6241028 0 P 0
L 1.5506079 1.6792209 1.6628127 1.6792209 0 P 0
L 1.56 2.5248819 1.56 2.5622835 0 P 0
L 1.5697245 2.9536614 1.5697245 3.0363385 0 P 0
L 1.5697245 3.0386614 1.5697245 3.1213385 0 P 0
L 1.5889938 1.6516619 1.6244268 1.6516619 0 P 0
L 1.5998205 1.5616619 1.6372221 1.5616619 0 P 0
L 1.6013385 2.4638583 1.6013385 2.6233071 0 P 0
L 1.6067103 1.6339454 1.6067103 1.6693784 0 P 0
L 1.6185213 1.5429611 1.6185213 1.5803626 0 P 0
L 1.6205328 3.1571298 1.6205328 3.2398069 0 P 0
L 1.6205328 3.1571298 1.7799816 3.1571298 0 P 0
L 1.6205328 3.2398069 1.7799816 3.2398069 0 P 0
L 1.6286614 2.4602755 1.6286614 2.6197243 0 P 0
L 1.6286614 2.4602755 1.7113385 2.4602755 0 P 0
L 1.6286614 2.6197243 1.7113385 2.6197243 0 P 0
L 1.6512992 2.5399999 1.6887007 2.5399999 0 P 0
L 1.6628127 1.6241028 1.6628127 1.6792209 0 P 0
L 1.67 2.5212991 1.67 2.5587007 0 P 0
L 1.6815564 3.1984683 1.718958 3.1984683 0 P 0
L 1.6982457 1.5203233 1.6982457 1.6030004 0 P 0
L 1.7002572 3.1797676 1.7002572 3.2171691 0 P 0
L 1.7050264 3.3712598 1.7050264 3.5287401 0 P 0
L 1.7050264 3.3712598 2.0101445 3.3712598 0 P 0
L 1.7050264 3.5287401 2.0101445 3.5287401 0 P 0
L 1.7113385 2.4602755 1.7113385 2.6197243 0 P 0
L 1.7186614 0.6302755 1.7186614 0.7897243 0 P 0
L 1.7186614 0.6302755 1.8013385 0.6302755 0 P 0
L 1.7186614 0.7897243 1.8013385 0.7897243 0 P 0
L 1.7186615 3.9202757 1.7186615 4.0797245 0 P 0
L 1.7186615 3.9202757 1.8013386 3.9202757 0 P 0
L 1.7186615 4.0797245 1.8013386 4.0797245 0 P 0
L 1.7412992 0.7099999 1.7787007 0.7099999 0 P 0
L 1.7412993 4.0000001 1.7787008 4.0000001 0 P 0
L 1.7542351 2.395315 1.7542351 2.684685 0 P 0
L 1.7542351 2.395315 1.9707705 2.395315 0 P 0
L 1.7542351 2.684685 1.9707705 2.684685 0 P 0
L 1.7586614 4.1202755 1.7586614 4.2797243 0 P 0
L 1.7586614 4.1202755 1.8413385 4.1202755 0 P 0
L 1.7586614 4.2797243 1.8413385 4.2797243 0 P 0
L 1.76 0.6912991 1.76 0.7287007 0 P 0
L 1.76 3.9812993 1.76 4.0187009 0 P 0
L 1.7799816 3.1571298 1.7799816 3.2398069 0 P 0
L 1.7812992 4.1999999 1.8187007 4.1999999 0 P 0
L 1.7879921 3.3868465 1.7879921 3.4463741 0 P 0
L 1.7879921 3.3868465 1.9120079 3.3868465 0 P 0
L 1.7879921 3.4463741 1.9120079 3.4463741 0 P 0
L 1.7978346 3.1710236 1.7978346 3.2989764 0 P 0
L 1.7978346 3.1710236 1.9021653 3.1710236 0 P 0
L 1.7978346 3.2989764 1.9021653 3.2989764 0 P 0
L 1.8 4.1812991 1.8 4.2187007 0 P 0
L 1.8013385 0.6302755 1.8013385 0.7897243 0 P 0
L 1.8013386 3.9202757 1.8013386 4.0797245 0 P 0
L 1.8203919 3.9122441 1.8203919 4.067756 0 P 0
L 1.8203919 3.9122441 1.9621242 3.9122441 0 P 0
L 1.8203919 4.067756 1.9621242 4.067756 0 P 0
L 1.8303149 3.235 1.869685 3.235 0 P 0
L 1.8312992 3.4163741 1.8687008 3.4163741 0 P 0
L 1.834252 4.1202757 1.834252 4.2797245 0 P 0
L 1.834252 4.1202757 1.9169291 4.1202757 0 P 0
L 1.834252 4.2797245 1.9169291 4.2797245 0 P 0
L 1.8379004 3.45 1.8772705 3.45 0 P 0
L 1.8413385 4.1202755 1.8413385 4.2797243 0 P 0
L 1.8428178 2.54 1.8821878 2.54 0 P 0
L 1.85 3.2153149 1.85 3.254685 0 P 0
L 1.85 3.3976733 1.85 3.4350748 0 P 0
L 1.8568898 4.2000001 1.8942913 4.2000001 0 P 0
L 1.8575855 3.4303149 1.8575855 3.469685 0 P 0
L 1.8625028 2.520315 1.8625028 2.559685 0 P 0
L 1.871573 3.99 1.9109431 3.99 0 P 0
L 1.8755905 4.1812993 1.8755905 4.2187009 0 P 0
L 1.8786615 3.7202757 1.8786615 3.8797245 0 P 0
L 1.8786615 3.7202757 1.9613386 3.7202757 0 P 0
L 1.8786615 3.8797245 1.9613386 3.8797245 0 P 0
L 1.8912581 3.970315 1.8912581 4.0096851 0 P 0
L 1.9012993 3.8000001 1.9387008 3.8000001 0 P 0
L 1.9021653 3.1710236 1.9021653 3.2989764 0 P 0
L 1.9086614 4.1202755 1.9086614 4.2797243 0 P 0
L 1.9086614 4.1202755 1.9913385 4.1202755 0 P 0
L 1.9086614 4.2797243 1.9913385 4.2797243 0 P 0
L 1.9120079 3.3868465 1.9120079 3.4463741 0 P 0
L 1.9169291 4.1202757 1.9169291 4.2797245 0 P 0
L 1.92 3.7812993 1.92 3.8187009 0 P 0
L 1.9312992 4.1999999 1.9687007 4.1999999 0 P 0
L 1.9338583 2.9679725 1.9338583 3.0506496 0 P 0
L 1.9338583 2.9679725 2.0933071 2.9679725 0 P 0
L 1.9338583 3.0506496 2.0933071 3.0506496 0 P 0
L 1.9338585 3.0483339 1.9338585 3.131011 0 P 0
L 1.9338585 3.0483339 2.0933073 3.0483339 0 P 0
L 1.9338585 3.1172315 1.9338585 3.1999086 0 P 0
L 1.9338585 3.1172315 2.0933073 3.1172315 0 P 0
L 1.9338585 3.131011 2.0933073 3.131011 0 P 0
L 1.9338585 3.1999086 2.0933073 3.1999086 0 P 0
L 1.9365118 2.8420237 1.9365118 2.9699764 0 P 0
L 1.9365118 2.8420237 2.1254882 2.8420237 0 P 0
L 1.9365118 2.9699764 2.1254882 2.9699764 0 P 0
L 1.9455828 3.203 1.9455828 3.297 0 P 0
L 1.9455828 3.203 2.1315828 3.203 0 P 0
L 1.9455828 3.297 2.1315828 3.297 0 P 0
L 1.95 4.1812991 1.95 4.2187007 0 P 0
L 1.9613386 3.7202757 1.9613386 3.8797245 0 P 0
L 1.9621242 3.9122441 1.9621242 4.067756 0 P 0
L 1.9707705 2.395315 1.9707705 2.684685 0 P 0
L 1.9845307 4.1202755 1.9845307 4.2797243 0 P 0
L 1.9845307 4.1202755 2.0672078 4.1202755 0 P 0
L 1.9845307 4.2797243 2.0672078 4.2797243 0 P 0
L 1.9913385 4.1202755 1.9913385 4.2797243 0 P 0
L 1.9948819 3.009311 2.0322835 3.009311 0 P 0
L 1.9948821 3.0896725 2.0322837 3.0896725 0 P 0
L 1.9948821 3.1585701 2.0322837 3.1585701 0 P 0
L 1.9952757 3.5410395 1.9952757 3.6237166 0 P 0
L 1.9952757 3.5410395 2.1547245 3.5410395 0 P 0
L 1.9952757 3.6237166 2.1547245 3.6237166 0 P 0
L 2.0071685 4.1999999 2.04457 4.1999999 0 P 0
L 2.0086615 3.8452755 2.0086615 4.0047243 0 P 0
L 2.0086615 3.8452755 2.0913386 3.8452755 0 P 0
L 2.0086615 4.0047243 2.0913386 4.0047243 0 P 0
L 2.0101445 3.3712598 2.0101445 3.5287401 0 P 0
L 2.011315 2.906 2.0506851 2.906 0 P 0
L 2.0135827 2.9906103 2.0135827 3.0280118 0 P 0
L 2.0135829 3.0709717 2.0135829 3.1083732 0 P 0
L 2.0135829 3.1398693 2.0135829 3.1772708 0 P 0
L 2.0188978 3.25 2.0582679 3.25 0 P 0
L 2.0258693 4.1812991 2.0258693 4.2187007 0 P 0
L 2.031 2.886315 2.031 2.9256851 0 P 0
L 2.0312993 3.9249999 2.0687008 3.9249999 0 P 0
L 2.0352755 4.2756614 2.0352755 4.3583385 0 P 0
L 2.0352755 4.2756614 2.1947243 4.2756614 0 P 0
L 2.0352755 4.3583385 2.1947243 4.3583385 0 P 0
L 2.0385828 3.2303149 2.0385828 3.269685 0 P 0
L 2.0421682 2.3102755 2.0421682 2.4697243 0 P 0
L 2.0421682 2.3102755 2.1248453 2.3102755 0 P 0
L 2.0421682 2.4697243 2.1248453 2.4697243 0 P 0
L 2.05 3.9062991 2.05 3.9437007 0 P 0
L 2.0562993 3.582378 2.0937009 3.582378 0 P 0
L 2.0586614 4.1202755 2.0586614 4.2797243 0 P 0
L 2.0586614 4.1202755 2.1413385 4.1202755 0 P 0
L 2.0586614 4.2797243 2.1413385 4.2797243 0 P 0
L 2.064806 2.3899999 2.1022075 2.3899999 0 P 0
L 2.0672078 4.1202755 2.0672078 4.2797243 0 P 0
L 2.0728347 3.3694805 2.0728347 3.4974333 0 P 0
L 2.0728347 3.3694805 2.1771654 3.3694805 0 P 0
L 2.0728347 3.4974333 2.1771654 3.4974333 0 P 0
L 2.0750001 3.5636773 2.0750001 3.6010788 0 P 0
L 2.0812992 4.1999999 2.1187007 4.1999999 0 P 0
L 2.0835068 2.3712991 2.0835068 2.4087007 0 P 0
L 2.0913386 3.8452755 2.0913386 4.0047243 0 P 0
L 2.0933071 2.9679725 2.0933071 3.0506496 0 P 0
L 2.0933073 3.0483339 2.0933073 3.131011 0 P 0
L 2.0933073 3.1172315 2.0933073 3.1999086 0 P 0
L 2.0939008 3.8452755 2.0939008 4.0047243 0 P 0
L 2.0939008 3.8452755 2.1765779 3.8452755 0 P 0
L 2.0939008 4.0047243 2.1765779 4.0047243 0 P 0
L 2.0962991 4.317 2.1337007 4.317 0 P 0
L 2.1 4.1812991 2.1 4.2187007 0 P 0
L 2.1041338 2.4844882 2.1041338 2.7955118 1 P 0
L 2.1041338 2.4844882 2.2458661 2.4844882 1 P 0
L 2.1041338 2.7955118 2.2458661 2.7955118 1 P 0
L 2.105315 3.4334569 2.1446851 3.4334569 0 P 0
L 2.1149999 4.2982992 2.1149999 4.3357007 0 P 0
L 2.1165386 3.9249999 2.1539401 3.9249999 0 P 0
L 2.1208661 2.3102755 2.1208661 2.4697243 0 P 0
L 2.1208661 2.3102755 2.2035432 2.3102755 0 P 0
L 2.1208661 2.4697243 2.2035432 2.4697243 0 P 0
L 2.1248453 2.3102755 2.1248453 2.4697243 0 P 0
L 2.125 3.4137718 2.125 3.4531419 0 P 0
L 2.1254882 2.8420237 2.1254882 2.9699764 0 P 0
L 2.1315828 3.203 2.1315828 3.297 0 P 0
L 2.1352393 3.9062991 2.1352393 3.9437007 0 P 0
L 2.1413385 4.1202755 2.1413385 4.2797243 0 P 0
L 2.1435039 2.3899999 2.1809054 2.3899999 0 P 0
L 2.1547245 3.5410395 2.1547245 3.6237166 0 P 0
L 2.1553149 2.64 2.194685 2.64 0 P 0
L 2.1622047 2.3712991 2.1622047 2.4087007 0 P 0
L 2.175 2.6203149 2.175 2.659685 0 P 0
L 2.1765779 3.8452755 2.1765779 4.0047243 0 P 0
L 2.1771654 3.3694805 2.1771654 3.4974333 0 P 0
L 2.1947243 4.2756614 2.1947243 4.3583385 0 P 0
L 2.1986615 2.3102757 2.1986615 2.4697245 0 P 0
L 2.1986615 2.3102757 2.2813386 2.3102757 0 P 0
L 2.1986615 2.4697245 2.2813386 2.4697245 0 P 0
L 2.2035432 2.3102755 2.2035432 2.4697243 0 P 0
L 2.218504 3.2007874 2.218504 3.3602362 0 P 0
L 2.218504 3.2007874 2.3011811 3.2007874 0 P 0
L 2.218504 3.3602362 2.3011811 3.3602362 0 P 0
L 2.2212993 2.3900001 2.2587008 2.3900001 0 P 0
L 2.2360236 4.2228346 2.2360236 4.3271653 0 P 0
L 2.2360236 4.2228346 2.3639764 4.2228346 0 P 0
L 2.2360236 4.3271653 2.3639764 4.3271653 0 P 0
L 2.24 2.3712993 2.24 2.4087009 0 P 0
L 2.2411418 3.2805118 2.2785433 3.2805118 0 P 0
L 2.2458661 2.4844882 2.2458661 2.7955118 1 P 0
L 2.2598425 3.261811 2.2598425 3.2992126 0 P 0
L 2.2726614 2.5808304 2.2726614 2.7402792 0 P 0
L 2.2726614 2.5808304 2.3553385 2.5808304 0 P 0
L 2.2726614 2.7402792 2.3553385 2.7402792 0 P 0
L 2.2736615 2.3102757 2.2736615 2.4697245 0 P 0
L 2.2736615 2.3102757 2.3563386 2.3102757 0 P 0
L 2.2736615 2.4697245 2.3563386 2.4697245 0 P 0
L 2.2803149 4.275 2.319685 4.275 0 P 0
L 2.2813386 2.3102757 2.2813386 2.4697245 0 P 0
L 2.2952992 2.6605548 2.3327007 2.6605548 0 P 0
L 2.2962993 2.3900001 2.3337008 2.3900001 0 P 0
L 2.3 4.2553149 2.3 4.294685 0 P 0
L 2.3011811 3.2007874 2.3011811 3.3602362 0 P 0
L 2.314 2.641854 2.314 2.6792556 0 P 0
L 2.315 2.3712993 2.315 2.4087009 0 P 0
L 2.3209255 3.249926 2.3209255 3.476304 0 P 0
L 2.3209255 3.249926 2.5020278 3.249926 0 P 0
L 2.3209255 3.476304 2.5020278 3.476304 0 P 0
L 2.3302755 4.0386615 2.3302755 4.1213386 0 P 0
L 2.3302755 4.0386615 2.4897243 4.0386615 0 P 0
L 2.3302755 4.1213386 2.4897243 4.1213386 0 P 0
L 2.3302757 3.8905514 2.3302757 3.9732285 0 P 0
L 2.3302757 3.8905514 2.4897245 3.8905514 0 P 0
L 2.3302757 3.9732285 2.4897245 3.9732285 0 P 0
L 2.3314793 4.1966614 2.3314793 4.2793385 0 P 0
L 2.3314793 4.1966614 2.4909281 4.1966614 0 P 0
L 2.3314793 4.2793385 2.4909281 4.2793385 0 P 0
L 2.3317525 4.2756614 2.3317525 4.3583385 0 P 0
L 2.3317525 4.2756614 2.4912013 4.2756614 0 P 0
L 2.3317525 4.3546614 2.3317525 4.4373385 0 P 0
L 2.3317525 4.3546614 2.4912013 4.3546614 0 P 0
L 2.3317525 4.3583385 2.4912013 4.3583385 0 P 0
L 2.3317525 4.4373385 2.4912013 4.4373385 0 P 0
L 2.3402757 3.5646615 2.3402757 3.6473386 0 P 0
L 2.3402757 3.5646615 2.4997245 3.5646615 0 P 0
L 2.3402757 3.6473386 2.4997245 3.6473386 0 P 0
L 2.3402757 3.6486615 2.3402757 3.7313386 0 P 0
L 2.3402757 3.6486615 2.4997245 3.6486615 0 P 0
L 2.3402757 3.7313386 2.4997245 3.7313386 0 P 0
L 2.3553385 2.5808304 2.3553385 2.7402792 0 P 0
L 2.3563386 2.3102757 2.3563386 2.4697245 0 P 0
L 2.3639764 4.2228346 2.3639764 4.3271653 0 P 0
L 2.3689168 3.160803 2.3689168 3.259227 0 P 0
L 2.3689168 3.160803 2.5401768 3.160803 0 P 0
L 2.3689168 3.259227 2.5401768 3.259227 0 P 0
L 2.376594 3.8885829 2.376594 4.0480317 0 P 0
L 2.376594 3.8885829 2.4592711 3.8885829 0 P 0
L 2.376594 4.0480317 2.4592711 4.0480317 0 P 0
L 2.3768185 4.0452755 2.3768185 4.2047243 0 P 0
L 2.3768185 4.0452755 2.4594956 4.0452755 0 P 0
L 2.3768185 4.2047243 2.4594956 4.2047243 0 P 0
L 2.3912991 4.08 2.4287007 4.08 0 P 0
L 2.3912993 3.93189 2.4287009 3.93189 0 P 0
L 2.3917916 3.363115 2.4311617 3.363115 0 P 0
L 2.3925029 4.238 2.4299045 4.238 0 P 0
L 2.3927761 4.317 2.4301777 4.317 0 P 0
L 2.3927761 4.396 2.4301777 4.396 0 P 0
L 2.3992318 3.9683073 2.4366333 3.9683073 0 P 0
L 2.3994563 4.1249999 2.4368578 4.1249999 0 P 0
L 2.4012993 3.606 2.4387009 3.606 0 P 0
L 2.4012993 3.69 2.4387009 3.69 0 P 0
L 2.4099999 4.0612993 2.4099999 4.0987008 0 P 0
L 2.4100001 3.9131892 2.4100001 3.9505907 0 P 0
L 2.4112037 4.2192992 2.4112037 4.2567007 0 P 0
L 2.4114767 3.34343 2.4114767 3.3828 0 P 0
L 2.4114769 4.2982992 2.4114769 4.3357007 0 P 0
L 2.4114769 4.3772992 2.4114769 4.4147007 0 P 0
L 2.4179326 3.9496065 2.4179326 3.9870081 0 P 0
L 2.418157 4.1062991 2.418157 4.1437007 0 P 0
L 2.4200001 3.5872993 2.4200001 3.6247008 0 P 0
L 2.4200001 3.6712993 2.4200001 3.7087008 0 P 0
L 2.4348628 3.210015 2.4742328 3.210015 0 P 0
L 2.4545468 3.190329 2.4545468 3.229701 0 P 0
L 2.4592711 3.8885829 2.4592711 4.0480317 0 P 0
L 2.4594956 4.0452755 2.4594956 4.2047243 0 P 0
L 2.482 2.9682447 2.482 3.0622447 0 P 0
L 2.482 2.9682447 2.668 2.9682447 0 P 0
L 2.482 3.0622447 2.668 3.0622447 0 P 0
L 2.4897243 4.0386615 2.4897243 4.1213386 0 P 0
L 2.4897245 3.8905514 2.4897245 3.9732285 0 P 0
L 2.4909281 4.1966614 2.4909281 4.2793385 0 P 0
L 2.4912013 4.2756614 2.4912013 4.3583385 0 P 0
L 2.4912013 4.3546614 2.4912013 4.4373385 0 P 0
L 2.4997245 3.5646615 2.4997245 3.6473386 0 P 0
L 2.4997245 3.6486615 2.4997245 3.7313386 0 P 0
L 2.5020278 3.249926 2.5020278 3.476304 0 P 0
L 2.5284847 3.3001229 2.5284847 3.4261071 0 P 0
L 2.5284847 3.3001229 2.6544689 3.3001229 0 P 0
L 2.5284847 3.4261071 2.6544689 3.4261071 0 P 0
L 2.5401768 3.160803 2.5401768 3.259227 0 P 0
L 2.5553149 3.0152447 2.594685 3.0152447 0 P 0
L 2.5717918 3.363115 2.6111619 3.363115 0 P 0
L 2.575 2.9955597 2.575 3.0349298 0 P 0
L 2.5914768 3.34343 2.5914768 3.3828001 0 P 0
L 2.6452753 3.7226614 2.6452753 3.8053385 0 P 0
L 2.6452753 3.7226614 2.8047241 3.7226614 0 P 0
L 2.6452753 3.8053385 2.8047241 3.8053385 0 P 0
L 2.6452757 3.6421701 2.6452757 3.7248472 0 P 0
L 2.6452757 3.6421701 2.8047245 3.6421701 0 P 0
L 2.6452757 3.7226614 2.6452757 3.8053385 0 P 0
L 2.6452757 3.7226614 2.8047245 3.7226614 0 P 0
L 2.6452757 3.7248472 2.8047245 3.7248472 0 P 0
L 2.6452757 3.8053385 2.8047245 3.8053385 0 P 0
L 2.6452759 3.6436615 2.6452759 3.7263386 0 P 0
L 2.6452759 3.6436615 2.8047247 3.6436615 0 P 0
L 2.6452759 3.7263386 2.8047247 3.7263386 0 P 0
L 2.6544689 3.3001229 2.6544689 3.4261071 0 P 0
L 2.668 2.9682447 2.668 3.0622447 0 P 0
L 2.678 4.207 2.678 4.393 0 P 0
L 2.678 4.207 2.772 4.207 0 P 0
L 2.678 4.393 2.772 4.393 0 P 0
L 2.7053149 4.3 2.744685 4.3 0 P 0
L 2.7062989 3.764 2.7437005 3.764 0 P 0
L 2.7062993 3.6835087 2.7437009 3.6835087 0 P 0
L 2.7062993 3.764 2.7437009 3.764 0 P 0
L 2.7062995 3.685 2.7437011 3.685 0 P 0
L 2.7249997 3.7452992 2.7249997 3.7827007 0 P 0
L 2.725 4.2803149 2.725 4.319685 0 P 0
L 2.7250001 3.6648079 2.7250001 3.7022094 0 P 0
L 2.7250001 3.7452992 2.7250001 3.7827007 0 P 0
L 2.7250003 3.6662993 2.7250003 3.7037008 0 P 0
L 2.725788 3.1357955 2.725788 3.3070555 0 P 0
L 2.725788 3.1357955 2.824212 3.1357955 0 P 0
L 2.725788 3.3070555 2.824212 3.3070555 0 P 0
L 2.725788 3.315871 2.725788 3.487131 0 P 0
L 2.725788 3.315871 2.824212 3.315871 0 P 0
L 2.725788 3.487131 2.824212 3.487131 0 P 0
L 2.755314 3.2214255 2.794686 3.2214255 0 P 0
L 2.755314 3.401501 2.794686 3.401501 0 P 0
L 2.7559055 2.9172841 2.7559055 3.0472053 2 P 0
L 2.7559055 2.9172841 2.7559055 3.0472053 2 P 0
L 2.7559055 2.9172841 2.7559055 3.0472053 2 P 0
L 2.7559055 2.9172841 2.9527559 2.9172841 2 P 0
L 2.7559055 3.0472053 2.9527559 3.0472053 2 P 0
L 2.772 4.207 2.772 4.393 0 P 0
L 2.775 3.2017415 2.775 3.2411115 0 P 0
L 2.775 3.381815 2.775 3.421185 0 P 0
L 2.8047241 3.7226614 2.8047241 3.8053385 0 P 0
L 2.8047245 3.6421701 2.8047245 3.7248472 0 P 0
L 2.8047245 3.7226614 2.8047245 3.8053385 0 P 0
L 2.8047247 3.6436615 2.8047247 3.7263386 0 P 0
L 2.824212 3.1357955 2.824212 3.3070555 0 P 0
L 2.824212 3.315871 2.824212 3.487131 0 P 0
L 2.825788 3.315871 2.825788 3.487131 0 P 0
L 2.825788 3.315871 2.924212 3.315871 0 P 0
L 2.825788 3.487131 2.924212 3.487131 0 P 0
L 2.8303149 2.9822447 2.869685 2.9822447 0 P 0
L 2.85 2.9625597 2.85 3.0019298 0 P 0
L 2.855314 3.401501 2.894686 3.401501 0 P 0
L 2.875 3.381815 2.875 3.421185 0 P 0
L 2.923 3.297 2.923 3.483 0 P 0
L 2.923 3.297 3.017 3.297 0 P 0
L 2.923 3.483 3.017 3.483 0 P 0
L 2.924212 3.315871 2.924212 3.487131 0 P 0
L 2.950315 3.39 2.9896851 3.39 0 P 0
L 2.9518947 3.7837327 2.9518947 3.9727091 0 P 0
L 2.9518947 3.7837327 3.1794538 3.7837327 0 P 0
L 2.9518947 3.9727091 3.1794538 3.9727091 0 P 0
L 2.9519535 3.7720939 2.9519535 3.9610703 0 P 0
L 2.9519535 3.7720939 3.1795126 3.7720939 0 P 0
L 2.9519535 3.9610703 3.1795126 3.9610703 0 P 0
L 2.9527559 2.9172841 2.9527559 3.0472053 2 P 0
L 2.97 3.370315 2.97 3.4096851 0 P 0
L 3.017 3.297 3.017 3.483 0 P 0
L 3.1407209 3.553 3.1407209 3.647 0 P 0
L 3.1407209 3.553 3.1407209 3.647 0 P 0
L 3.1407209 3.553 3.3267209 3.553 0 P 0
L 3.1407209 3.553 3.3267209 3.553 0 P 0
L 3.1407209 3.647 3.3267209 3.647 0 P 0
L 3.1407209 3.647 3.3267209 3.647 0 P 0
L 3.1794538 3.7837327 3.1794538 3.9727091 0 P 0
L 3.1795126 3.7720939 3.1795126 3.9610703 0 P 0
L 3.2140358 3.6 3.2534059 3.6 0 P 0
L 3.2140358 3.6 3.2534059 3.6 0 P 0
L 3.2337209 3.5803149 3.2337209 3.619685 0 P 0
L 3.2337209 3.580315 3.2337209 3.6196851 0 P 0
L 3.3267209 3.553 3.3267209 3.647 0 P 0
L 3.3267209 3.553 3.3267209 3.647 0 P 0
L 3.8910236 2.1605118 3.8910236 2.3494882 0 P 0
L 3.8910236 2.1605118 4.1185827 2.1605118 0 P 0
L 3.8910236 2.3494882 4.1185827 2.3494882 0 P 0
L 4.1185827 2.1605118 4.1185827 2.3494882 0 P 0
